
Training with 1000 samples...Accuracy: 0.9171
Classification Report DecisionTreeParameters :
              precision    recall  f1-score   support

         0.0       0.96      0.92      0.94      5560
         1.0       0.97      0.82      0.89      6655
         2.0       0.90      0.97      0.93      5888
         3.0       0.89      0.96      0.92      5819
         4.0       0.83      0.95      0.89      5722
         5.0       0.96      0.91      0.93      5539
         6.0       0.96      0.93      0.94      5858
         7.0       0.92      0.94      0.93      6097
         8.0       0.90      0.88      0.89      5695
         9.0       0.90      0.89      0.90      5813

    accuracy                           0.92     58646
   macro avg       0.92      0.92      0.92     58646
weighted avg       0.92      0.92      0.92     58646

Confusion Matrix:
[[5139    2   21   31   24   29   36   37  237    4]
 [   0 5471  258   59  497   15   49  195   37   74]
 [  15   17 5721   29    6    0   14   59   25    2]
 [   4   15   58 5602    4   40    2   71   15    8]
 [  17    4   34    1 5453    0   59   10    6  138]
 [   5    7    5  311   23 5037   23   10   50   68]
 [ 116   25   30   23   48  108 5433    0   74    1]
 [   0   49  146   62   79    2    0 5722   13   24]
 [  37   29   77   57  125   40   42   44 5008  236]
 [  16    9   12  122  296    1    9   63   86 5199]]
==================================================

Training with 2000 samples...Accuracy: 0.9299
Classification Report DecisionTreeParameters :
              precision    recall  f1-score   support

         0.0       0.96      0.93      0.94      5560
         1.0       0.97      0.90      0.93      6655
         2.0       0.93      0.96      0.94      5888
         3.0       0.91      0.97      0.94      5819
         4.0       0.88      0.95      0.91      5722
         5.0       0.96      0.93      0.94      5539
         6.0       0.97      0.93      0.95      5858
         7.0       0.93      0.94      0.94      6097
         8.0       0.89      0.91      0.90      5695
         9.0       0.93      0.88      0.90      5813

    accuracy                           0.93     58646
   macro avg       0.93      0.93      0.93     58646
weighted avg       0.93      0.93      0.93     58646

Confusion Matrix:
[[5171    0   12   17   72    2   22   49  215    0]
 [   0 5976  166   65  124   18   37  139   83   47]
 [  43   46 5660   40    6    0    9   68   16    0]
 [   4    4   42 5645    3   18    1   70   24    8]
 [  21    7   43    0 5436    0   48   13    9  145]
 [   9    6    3  223   19 5135   15   18   43   68]
 [  93   17   16    6   92  123 5456    1   54    0]
 [   0   57  126   63   82    0    0 5758    4    7]
 [  42   26   40   43   90   50   39   49 5186  130]
 [  24    8    9  120  265   13    4   51  205 5114]]
==================================================

Training with 3000 samples...Accuracy: 0.9327
Classification Report DecisionTreeParameters :
              precision    recall  f1-score   support

         0.0       0.96      0.94      0.95      5560
         1.0       0.97      0.89      0.93      6655
         2.0       0.91      0.96      0.94      5888
         3.0       0.90      0.97      0.93      5819
         4.0       0.88      0.96      0.92      5722
         5.0       0.97      0.92      0.94      5539
         6.0       0.97      0.94      0.96      5858
         7.0       0.93      0.94      0.94      6097
         8.0       0.90      0.92      0.91      5695
         9.0       0.95      0.89      0.92      5813

    accuracy                           0.93     58646
   macro avg       0.93      0.93      0.93     58646
weighted avg       0.93      0.93      0.93     58646

Confusion Matrix:
[[5249    1   28   16   51    3   25   36  150    1]
 [   0 5951  122   94  179    4   40  170   60   35]
 [  43   55 5649   60    8    0   13   44   15    1]
 [   6    7   87 5624    3   18    2   50   15    7]
 [  25    4   34    0 5493    0   47    9   18   92]
 [   9   10   30  257   27 5073   17   11   66   39]
 [  79   16   14    7   90   64 5533    1   54    0]
 [   0   49  140   77   96    8    0 5715    3    9]
 [  49   27   38   43  104   49   33   39 5211  102]
 [  26    5   38   82  223   15    6   49  169 5200]]
==================================================

Training with 4000 samples...Accuracy: 0.9411
Classification Report DecisionTreeParameters :
              precision    recall  f1-score   support

         0.0       0.96      0.95      0.96      5560
         1.0       0.94      0.94      0.94      6655
         2.0       0.92      0.95      0.94      5888
         3.0       0.92      0.96      0.94      5819
         4.0       0.93      0.96      0.95      5722
         5.0       0.97      0.94      0.95      5539
         6.0       0.97      0.95      0.96      5858
         7.0       0.94      0.92      0.93      6097
         8.0       0.90      0.94      0.92      5695
         9.0       0.95      0.91      0.93      5813

    accuracy                           0.94     58646
   macro avg       0.94      0.94      0.94     58646
weighted avg       0.94      0.94      0.94     58646

Confusion Matrix:
[[5283    0   13   11   14    1   29   33  175    1]
 [   0 6239   50   67   60   13   54  131   17   24]
 [  45  111 5594   65    4    0    7   47   14    1]
 [   5   13   88 5598    6   37    0   53   12    7]
 [  15    9   42    0 5491    0   15    7   20  123]
 [   8    8   31  166   14 5205   21    3   62   21]
 [  41    9   27   17   63   56 5585    1   59    0]
 [   2  193  150   71   62    3    0 5601    3   12]
 [  42   19   43   35   59   45   21   38 5328   65]
 [  35   12   25   82  108   13    4   35  231 5268]]
==================================================

Training with 5000 samples...Accuracy: 0.9409
Classification Report DecisionTreeParameters :
              precision    recall  f1-score   support

         0.0       0.96      0.96      0.96      5560
         1.0       0.94      0.94      0.94      6655
         2.0       0.93      0.96      0.94      5888
         3.0       0.91      0.96      0.93      5819
         4.0       0.92      0.96      0.94      5722
         5.0       0.97      0.94      0.95      5539
         6.0       0.98      0.95      0.96      5858
         7.0       0.94      0.92      0.93      6097
         8.0       0.91      0.93      0.92      5695
         9.0       0.96      0.90      0.93      5813

    accuracy                           0.94     58646
   macro avg       0.94      0.94      0.94     58646
weighted avg       0.94      0.94      0.94     58646

Confusion Matrix:
[[5312    1    8    5   17    1   17   34  164    1]
 [   0 6230   44   76   84   30   34  125   15   17]
 [  29  108 5627   54    4    0    9   41   15    1]
 [   5   11   88 5592    4   36    1   62   12    8]
 [  18   11   32    2 5518    0   19    6   24   92]
 [  10    7   20  178   14 5201   27    4   54   24]
 [  58   10   18   70   50   46 5556    1   49    0]
 [   3  182  171   69   65    5    0 5590    3    9]
 [  37   23   47   41   64   48   24   46 5298   67]
 [  33   14   18   86  167   12    1   40  188 5254]]
==================================================

Training with 6000 samples...Accuracy: 0.9433
Classification Report DecisionTreeParameters :
              precision    recall  f1-score   support

         0.0       0.96      0.96      0.96      5560
         1.0       0.95      0.94      0.94      6655
         2.0       0.93      0.96      0.94      5888
         3.0       0.91      0.97      0.94      5819
         4.0       0.93      0.96      0.95      5722
         5.0       0.97      0.94      0.95      5539
         6.0       0.98      0.94      0.96      5858
         7.0       0.94      0.92      0.93      6097
         8.0       0.91      0.94      0.92      5695
         9.0       0.95      0.92      0.94      5813

    accuracy                           0.94     58646
   macro avg       0.94      0.94      0.94     58646
weighted avg       0.94      0.94      0.94     58646

Confusion Matrix:
[[5332    2    6    7   16    0   10   31  156    0]
 [   0 6268   49   62   87   15   17  115   24   18]
 [  30   96 5626   58    0    0    8   51   19    0]
 [   5    5   59 5631    4   46    0   49   12    8]
 [  20    7   29    0 5496    0   18   10   30  112]
 [  11   14   17  162    9 5190   19    3   64   50]
 [  67   17   16   75   40   51 5522    1   69    0]
 [   1  188  182   60   62    3    0 5587    4   10]
 [  34   17   46   53   46   45   16   50 5330   58]
 [  29   16   14   85  130   12    1   48  141 5337]]
==================================================

Training with 7000 samples...Accuracy: 0.9465
Classification Report DecisionTreeParameters :
              precision    recall  f1-score   support

         0.0       0.97      0.96      0.96      5560
         1.0       0.95      0.94      0.94      6655
         2.0       0.92      0.96      0.94      5888
         3.0       0.92      0.97      0.95      5819
         4.0       0.94      0.96      0.95      5722
         5.0       0.97      0.95      0.96      5539
         6.0       0.99      0.95      0.97      5858
         7.0       0.94      0.91      0.93      6097
         8.0       0.92      0.94      0.93      5695
         9.0       0.96      0.92      0.94      5813

    accuracy                           0.95     58646
   macro avg       0.95      0.95      0.95     58646
weighted avg       0.95      0.95      0.95     58646

Confusion Matrix:
[[5361    1    5    5   17    1   16   16  138    0]
 [   0 6281   64   53   66    6   15  118   36   16]
 [  28   67 5664   58    2    0    3   48   18    0]
 [   8    7   75 5638    3   30    0   40    9    9]
 [  17    7   37    1 5515    0   14   10   28   93]
 [   5   10   14  116    6 5281   22    4   38   43]
 [  66   20   13   40   48   44 5558    0   69    0]
 [   2  213  196   58   57    2    0 5552    5   12]
 [  34   18   50   54   38   55   12   46 5327   61]
 [  30   16   16   85  139   12    1   45  140 5329]]
==================================================

Training with 8000 samples...Accuracy: 0.9474
Classification Report DecisionTreeParameters :
              precision    recall  f1-score   support

         0.0       0.96      0.96      0.96      5560
         1.0       0.95      0.95      0.95      6655
         2.0       0.93      0.96      0.94      5888
         3.0       0.92      0.97      0.95      5819
         4.0       0.93      0.96      0.95      5722
         5.0       0.97      0.96      0.96      5539
         6.0       0.99      0.95      0.97      5858
         7.0       0.95      0.92      0.93      6097
         8.0       0.91      0.93      0.92      5695
         9.0       0.96      0.91      0.94      5813

    accuracy                           0.95     58646
   macro avg       0.95      0.95      0.95     58646
weighted avg       0.95      0.95      0.95     58646

Confusion Matrix:
[[5338    1    7    7   16    0   13    6  172    0]
 [   0 6329   64   67   37   11   15  101   21   10]
 [  31   75 5629   76    2    0    3   53   19    0]
 [   9    7   58 5654    1   28    0   44    9    9]
 [  20    9   31    1 5515    0   20   10   28   88]
 [   5    8   22  101    4 5292   22    5   39   41]
 [  66   16   16   13   55   41 5591    0   60    0]
 [   0  200  167   65   52    2    0 5596    4   11]
 [  34   18   33   76   47   57   11   38 5324   57]
 [  34   17   11   74  176    8    1   41  155 5296]]
==================================================

Training with 9000 samples...Accuracy: 0.9472
Classification Report DecisionTreeParameters :
              precision    recall  f1-score   support

         0.0       0.96      0.96      0.96      5560
         1.0       0.94      0.95      0.95      6655
         2.0       0.93      0.96      0.94      5888
         3.0       0.92      0.97      0.94      5819
         4.0       0.93      0.97      0.95      5722
         5.0       0.97      0.96      0.96      5539
         6.0       0.98      0.95      0.97      5858
         7.0       0.95      0.90      0.93      6097
         8.0       0.92      0.94      0.93      5695
         9.0       0.96      0.92      0.94      5813

    accuracy                           0.95     58646
   macro avg       0.95      0.95      0.95     58646
weighted avg       0.95      0.95      0.95     58646

Confusion Matrix:
[[5360    1    5   10   15    0   17    7  145    0]
 [   0 6314   57   83   37   10    5  119   20   10]
 [  34   75 5641   70    2    0    3   39   24    0]
 [  10   14   62 5631    2   51    0   26    9   14]
 [  20   10   36    1 5525    0   22   10   25   73]
 [   5   11   16   55   11 5305   24    5   37   70]
 [  65   16   18   28   57   37 5589    0   48    0]
 [   1  231  178  106   52    1    0 5512    5   11]
 [  37   18   40   68   45   55   16   31 5331   54]
 [  35   14    9   54  184    6    1   44  126 5340]]
==================================================

Training with 10000 samples...Accuracy: 0.9482
Classification Report DecisionTreeParameters :
              precision    recall  f1-score   support

         0.0       0.96      0.97      0.97      5560
         1.0       0.94      0.95      0.95      6655
         2.0       0.93      0.95      0.94      5888
         3.0       0.93      0.97      0.95      5819
         4.0       0.93      0.96      0.95      5722
         5.0       0.97      0.96      0.96      5539
         6.0       0.98      0.96      0.97      5858
         7.0       0.95      0.90      0.93      6097
         8.0       0.94      0.93      0.93      5695
         9.0       0.96      0.92      0.94      5813

    accuracy                           0.95     58646
   macro avg       0.95      0.95      0.95     58646
weighted avg       0.95      0.95      0.95     58646

Confusion Matrix:
[[5405    1    2   11   15    1   17    8  100    0]
 [   0 6354   42   72   33   11    6  108   17   12]
 [  41   85 5623   74    2    0    4   41   17    1]
 [   3   12   65 5629    1   45    0   42    9   13]
 [  19   10   38    0 5514    0   24    9   31   77]
 [   5   14   15   53    8 5311   23    4   33   73]
 [  64   19   16    7   56   42 5607    0   47    0]
 [   1  240  167  103   57    1    0 5514    1   13]
 [  43   19   43   70   61   53   16   29 5307   54]
 [  31   17   10   55  198    7    1   37  113 5344]]
==================================================

Training with 11000 samples...Accuracy: 0.9493
Classification Report DecisionTreeParameters :
              precision    recall  f1-score   support

         0.0       0.97      0.96      0.96      5560
         1.0       0.94      0.95      0.95      6655
         2.0       0.94      0.96      0.95      5888
         3.0       0.93      0.97      0.95      5819
         4.0       0.93      0.96      0.95      5722
         5.0       0.98      0.96      0.97      5539
         6.0       0.98      0.96      0.97      5858
         7.0       0.95      0.91      0.93      6097
         8.0       0.93      0.94      0.93      5695
         9.0       0.96      0.92      0.94      5813

    accuracy                           0.95     58646
   macro avg       0.95      0.95      0.95     58646
weighted avg       0.95      0.95      0.95     58646

Confusion Matrix:
[[5364    0    3    8   18    1   20    8  137    1]
 [   1 6339   43   70   29    7   11  125   17   13]
 [  26   69 5643   69    3    0    5   46   26    1]
 [   5    6   55 5640    1   49    0   45    5   13]
 [  17   11   43    1 5510    0   24    9   31   76]
 [   8   12   20   49    7 5303   27    3   39   71]
 [  68   14   23   17   47   29 5623    0   37    0]
 [   0  236  153   92   54    0    0 5547    2   13]
 [  40   16   35   71   52   32   25   30 5346   48]
 [  29   13   10   56  189    4    1   35  121 5355]]
==================================================

Training with 12000 samples...Accuracy: 0.9500
Classification Report DecisionTreeParameters :
              precision    recall  f1-score   support

         0.0       0.96      0.98      0.97      5560
         1.0       0.94      0.95      0.95      6655
         2.0       0.93      0.96      0.95      5888
         3.0       0.93      0.97      0.95      5819
         4.0       0.94      0.96      0.95      5722
         5.0       0.98      0.96      0.97      5539
         6.0       0.98      0.96      0.97      5858
         7.0       0.95      0.91      0.93      6097
         8.0       0.94      0.93      0.94      5695
         9.0       0.95      0.93      0.94      5813

    accuracy                           0.95     58646
   macro avg       0.95      0.95      0.95     58646
weighted avg       0.95      0.95      0.95     58646

Confusion Matrix:
[[5444    0    4   12   18    1   18    8   55    0]
 [   0 6338   49   72   32    8   11  114   19   12]
 [  28   66 5651   53    4    0    4   55   25    2]
 [   3    5   61 5648    1   36    0   47    5   13]
 [  17   16   41    1 5471    0   24   10   33  109]
 [  10   16   24   47    6 5292   27    3   38   76]
 [  76   15   24   13   46   27 5622    0   35    0]
 [   0  258  152   87   52    0    0 5533    1   14]
 [  58   18   42   65   53   31   26   33 5318   51]
 [  34   10    8   59  151    5    1   41  108 5396]]
==================================================

Training with 13000 samples...Accuracy: 0.9511
Classification Report DecisionTreeParameters :
              precision    recall  f1-score   support

         0.0       0.96      0.98      0.97      5560
         1.0       0.96      0.96      0.96      6655
         2.0       0.94      0.96      0.95      5888
         3.0       0.93      0.97      0.95      5819
         4.0       0.94      0.96      0.95      5722
         5.0       0.98      0.95      0.97      5539
         6.0       0.98      0.96      0.97      5858
         7.0       0.95      0.93      0.94      6097
         8.0       0.93      0.93      0.93      5695
         9.0       0.95      0.92      0.93      5813

    accuracy                           0.95     58646
   macro avg       0.95      0.95      0.95     58646
weighted avg       0.95      0.95      0.95     58646

Confusion Matrix:
[[5465    0    6   10   18    1   18    8   34    0]
 [   0 6369   44   68   31    9    9   94   23    8]
 [  30   66 5645   58    4    0    4   58   22    1]
 [   4    6   58 5646    2   37    0   47    6   13]
 [  17   15   35    2 5476    0   25   10   33  109]
 [   9   15   23   44    6 5283   25    2   42   90]
 [  78   15   20   10   61   30 5601    0   43    0]
 [   0  145  147   95   51    0    0 5645    2   12]
 [  49   18   48   76   54   30   18   27 5323   52]
 [  42   15   10   61  140    6    1   41  170 5327]]
==================================================

Training with 14000 samples...Accuracy: 0.9509
Classification Report DecisionTreeParameters :
              precision    recall  f1-score   support

         0.0       0.96      0.98      0.97      5560
         1.0       0.96      0.96      0.96      6655
         2.0       0.94      0.96      0.95      5888
         3.0       0.93      0.97      0.95      5819
         4.0       0.94      0.96      0.95      5722
         5.0       0.98      0.96      0.97      5539
         6.0       0.98      0.96      0.97      5858
         7.0       0.95      0.93      0.94      6097
         8.0       0.93      0.93      0.93      5695
         9.0       0.95      0.91      0.93      5813

    accuracy                           0.95     58646
   macro avg       0.95      0.95      0.95     58646
weighted avg       0.95      0.95      0.95     58646

Confusion Matrix:
[[5443    0    4   12   18    1   19    7   56    0]
 [   4 6362   44   61   32    5    9  106   22   10]
 [  27   57 5657   64    5    0    4   50   23    1]
 [   4    4   62 5651    1   36    0   43    7   11]
 [  16   15   34    2 5471    0   26   13   38  107]
 [   9   15   22   46    7 5303   29    2   36   70]
 [  72   15   19   10   57   29 5609    0   47    0]
 [   1  144  151   97   50    0    0 5640    2   12]
 [  65   17   40   82   52   37   14   24 5317   47]
 [  42   13    8   68  135    3    1   41  190 5312]]
==================================================

Training with 15000 samples...Accuracy: 0.9500
Classification Report DecisionTreeParameters :
              precision    recall  f1-score   support

         0.0       0.95      0.98      0.97      5560
         1.0       0.95      0.96      0.95      6655
         2.0       0.94      0.96      0.95      5888
         3.0       0.93      0.97      0.95      5819
         4.0       0.94      0.96      0.95      5722
         5.0       0.98      0.96      0.97      5539
         6.0       0.98      0.95      0.97      5858
         7.0       0.95      0.92      0.94      6097
         8.0       0.93      0.93      0.93      5695
         9.0       0.95      0.92      0.93      5813

    accuracy                           0.95     58646
   macro avg       0.95      0.95      0.95     58646
weighted avg       0.95      0.95      0.95     58646

Confusion Matrix:
[[5457    0    2   11   18    0   20    7   45    0]
 [   3 6365   44   50   35    6   10  110   23    9]
 [  28   67 5632   72    5    0    4   54   24    2]
 [   4    5   53 5656    1   36    0   45    7   12]
 [  17   15   32    0 5473    0   27   12   40  106]
 [  10   15   20   46    7 5306   29    1   36   69]
 [  89   14   21    8   61   26 5592    0   47    0]
 [   5  178  153   83   53    0    0 5612    2   11]
 [  63   18   37   82   62   39   15   25 5304   50]
 [  44   13    8   60  136    3    1   39  190 5319]]
==================================================

Training with 16000 samples...Accuracy: 0.9488
Classification Report DecisionTreeParameters :
              precision    recall  f1-score   support

         0.0       0.95      0.98      0.96      5560
         1.0       0.95      0.96      0.96      6655
         2.0       0.94      0.96      0.95      5888
         3.0       0.93      0.97      0.95      5819
         4.0       0.94      0.95      0.94      5722
         5.0       0.98      0.96      0.97      5539
         6.0       0.98      0.94      0.96      5858
         7.0       0.95      0.92      0.94      6097
         8.0       0.93      0.93      0.93      5695
         9.0       0.95      0.91      0.93      5813

    accuracy                           0.95     58646
   macro avg       0.95      0.95      0.95     58646
weighted avg       0.95      0.95      0.95     58646

Confusion Matrix:
[[5463    0    0   10   16    0   19    6   46    0]
 [   1 6370   49   52   35    7    7  108   19    7]
 [  29   56 5654   60    5    0    5   55   24    0]
 [   6    9   56 5645    1   36    0   46    8   12]
 [  19   17   33    0 5462    0   27   13   43  108]
 [  10   17   21   46    8 5306   27    1   35   68]
 [ 128   14   31   23   63   31 5522    0   46    0]
 [   2  174  152   80   55    0    0 5618    3   13]
 [  62   17   35   98   63   38   16   24 5291   51]
 [  43   10    8   59  130    5    1   44  200 5313]]
==================================================

Training with 17000 samples...Accuracy: 0.9484
Classification Report DecisionTreeParameters :
              precision    recall  f1-score   support

         0.0       0.95      0.98      0.97      5560
         1.0       0.95      0.96      0.95      6655
         2.0       0.94      0.96      0.95      5888
         3.0       0.93      0.97      0.95      5819
         4.0       0.94      0.96      0.95      5722
         5.0       0.98      0.96      0.97      5539
         6.0       0.98      0.94      0.96      5858
         7.0       0.95      0.92      0.93      6097
         8.0       0.92      0.93      0.93      5695
         9.0       0.95      0.91      0.93      5813

    accuracy                           0.95     58646
   macro avg       0.95      0.95      0.95     58646
weighted avg       0.95      0.95      0.95     58646

Confusion Matrix:
[[5440    0    0   10   16    0   22    6   66    0]
 [   1 6378   47   48   32    8    9  107   16    9]
 [  20   63 5648   60    5    0    5   56   31    0]
 [   6    7   57 5647    1   36    0   45    8   12]
 [  19   17   33    0 5473    0   25   13   34  108]
 [   6   18   20   46    8 5303   26    1   42   69]
 [ 123   14   28   27   61   33 5528    0   44    0]
 [   2  203  146   87   54    0    0 5591    2   12]
 [  51   17   35   97   65   36   15   22 5306   51]
 [  43   10    8   59  137    5    1   44  198 5308]]
==================================================

Training with 18000 samples...Accuracy: 0.9489
Classification Report DecisionTreeParameters :
              precision    recall  f1-score   support

         0.0       0.95      0.98      0.97      5560
         1.0       0.95      0.96      0.95      6655
         2.0       0.94      0.96      0.95      5888
         3.0       0.93      0.97      0.95      5819
         4.0       0.94      0.96      0.95      5722
         5.0       0.98      0.96      0.97      5539
         6.0       0.98      0.94      0.96      5858
         7.0       0.95      0.92      0.93      6097
         8.0       0.92      0.93      0.93      5695
         9.0       0.95      0.91      0.93      5813

    accuracy                           0.95     58646
   macro avg       0.95      0.95      0.95     58646
weighted avg       0.95      0.95      0.95     58646

Confusion Matrix:
[[5440    0    0   10   15    0   22    7   66    0]
 [   1 6380   47   46   32    7    9  108   16    9]
 [  20   64 5645   60    5    0    6   56   32    0]
 [   6    7   56 5646    1   37    0   46    8   12]
 [  17   15   33    0 5477    0   26   13   32  109]
 [   6   18   20   39    6 5308   27    1   46   68]
 [ 113   14   27   29   60   41 5532    0   42    0]
 [   2  202  148   87   54    0    0 5589    2   13]
 [  52   17   34   94   65   31   14   23 5319   46]
 [  44   11    7   59  138    5    1   43  193 5312]]
==================================================

Training with 19000 samples...Accuracy: 0.9489
Classification Report DecisionTreeParameters :
              precision    recall  f1-score   support

         0.0       0.95      0.98      0.97      5560
         1.0       0.95      0.96      0.95      6655
         2.0       0.94      0.96      0.95      5888
         3.0       0.93      0.97      0.95      5819
         4.0       0.93      0.96      0.95      5722
         5.0       0.98      0.96      0.97      5539
         6.0       0.98      0.94      0.96      5858
         7.0       0.95      0.92      0.93      6097
         8.0       0.92      0.93      0.93      5695
         9.0       0.95      0.91      0.93      5813

    accuracy                           0.95     58646
   macro avg       0.95      0.95      0.95     58646
weighted avg       0.95      0.95      0.95     58646

Confusion Matrix:
[[5439    0    1   11   15    0   21    7   66    0]
 [   1 6378   45   51   31    7    9  105   16   12]
 [  20   62 5642   65    5    0    6   56   32    0]
 [   6    7   54 5648    1   37    0   45    8   13]
 [  17   15   33    0 5477    0   26   13   32  109]
 [   6   18   19   39    6 5313   27    1   46   64]
 [ 113   14   27   20   67   41 5534    0   42    0]
 [   2  199  148   91   54    0    0 5586    3   14]
 [  49   17   35   97   64   30   14   26 5317   46]
 [  44   11    7   59  139    5    1   40  193 5314]]
==================================================

Training with 20000 samples...Accuracy: 0.9488
Classification Report DecisionTreeParameters :
              precision    recall  f1-score   support

         0.0       0.96      0.98      0.97      5560
         1.0       0.95      0.96      0.95      6655
         2.0       0.94      0.96      0.95      5888
         3.0       0.93      0.97      0.95      5819
         4.0       0.93      0.96      0.95      5722
         5.0       0.98      0.96      0.97      5539
         6.0       0.98      0.94      0.96      5858
         7.0       0.95      0.92      0.93      6097
         8.0       0.92      0.93      0.93      5695
         9.0       0.95      0.91      0.93      5813

    accuracy                           0.95     58646
   macro avg       0.95      0.95      0.95     58646
weighted avg       0.95      0.95      0.95     58646

Confusion Matrix:
[[5441    0    1   11   15    0   21    7   64    0]
 [   1 6378   44   49   31    7    9  108   16   12]
 [  20   62 5637   65    5    0    6   61   32    0]
 [   6    7   55 5650    1   35    0   44    8   13]
 [  17   15   32    1 5475    0   26   13   34  109]
 [   6   18   19   41    6 5311   27    1   46   64]
 [ 113   14   27   20   67   41 5534    0   42    0]
 [   2  199  147   91   55    0    0 5586    3   14]
 [  46   17   35   97   64   31   14   26 5319   46]
 [  44   11    8   59  141    5    1   39  191 5314]]
==================================================
Training time: 73.7347 seconds 
Média training time: 3.6867 seconds