
Training with 1000 samples...Accuracy: 0.8990
Classification Report LDA :
              precision    recall  f1-score   support

         0.0       0.96      0.94      0.95      5560
         1.0       0.94      0.82      0.88      6655
         2.0       0.92      0.95      0.93      5888
         3.0       0.86      0.95      0.91      5819
         4.0       0.92      0.89      0.90      5722
         5.0       0.95      0.87      0.91      5539
         6.0       0.89      0.91      0.90      5858
         7.0       0.88      0.95      0.91      6097
         8.0       0.91      0.81      0.85      5695
         9.0       0.80      0.91      0.85      5813

    accuracy                           0.90     58646
   macro avg       0.90      0.90      0.90     58646
weighted avg       0.90      0.90      0.90     58646

Confusion Matrix:
[[5223   21   48    9   26   25   94    9  100    5]
 [   1 5473  138  122   50   14  148  338   47  324]
 [  24   56 5568   41    3    1   51  109   34    1]
 [   2   10   31 5548    1   26    4  163   18   16]
 [  17   40  109    7 5077    3   88   10   24  347]
 [   8    6    8  502    9 4793   42   16   44  111]
 [ 103   63   49   52   18   57 5357    0  154    5]
 [   0   52   67   38   74   17    0 5777   18   54]
 [  63   63   53   21  148   47  179   49 4589  483]
 [  27   19   11   97  128   41   27  106   39 5318]]
==================================================

Training with 2000 samples...Accuracy: 0.9094
Classification Report LDA :
              precision    recall  f1-score   support

         0.0       0.95      0.95      0.95      5560
         1.0       0.93      0.87      0.90      6655
         2.0       0.91      0.94      0.93      5888
         3.0       0.87      0.94      0.91      5819
         4.0       0.93      0.88      0.91      5722
         5.0       0.97      0.86      0.91      5539
         6.0       0.92      0.92      0.92      5858
         7.0       0.87      0.95      0.91      6097
         8.0       0.90      0.85      0.88      5695
         9.0       0.86      0.92      0.88      5813

    accuracy                           0.91     58646
   macro avg       0.91      0.91      0.91     58646
weighted avg       0.91      0.91      0.91     58646

Confusion Matrix:
[[5256   35   31   21   34    9   72   17   85    0]
 [   1 5820  220   87   14   15   71  273   65   89]
 [  33   45 5552   30    3    7   44  151   22    1]
 [   4   13   35 5479    0   22    4  223   25   14]
 [  33   59   60    1 5043    1  105   11   19  390]
 [   9   13   11  465    4 4785   39   24  122   67]
 [  98   55   47   12   83   52 5394    1  113    3]
 [   0   88   63   13   68    1    0 5817   25   22]
 [  80   67   57   19   88   42  116   54 4865  307]
 [  41   47   14  139   65    7   29  100   50 5321]]
==================================================

Training with 3000 samples...Accuracy: 0.9159
Classification Report LDA :
              precision    recall  f1-score   support

         0.0       0.95      0.94      0.95      5560
         1.0       0.94      0.88      0.91      6655
         2.0       0.92      0.95      0.93      5888
         3.0       0.88      0.95      0.91      5819
         4.0       0.93      0.90      0.91      5722
         5.0       0.96      0.88      0.92      5539
         6.0       0.94      0.93      0.93      5858
         7.0       0.88      0.95      0.91      6097
         8.0       0.91      0.86      0.88      5695
         9.0       0.87      0.92      0.89      5813

    accuracy                           0.92     58646
   macro avg       0.92      0.92      0.92     58646
weighted avg       0.92      0.92      0.92     58646

Confusion Matrix:
[[5245   13   31   16   38   28   77   22   87    3]
 [   0 5863  259   85    8   27   35  255   84   39]
 [  27   44 5587   30    5    0   23  148   23    1]
 [   1   13   30 5516    1   20    2  198   23   15]
 [  27   70   43    0 5132    1  101    8   26  314]
 [  10   10    4  421    3 4886   38   24   95   48]
 [  73   53   41   17   77   42 5435    0  105   15]
 [   0   91   54   27   64    8    0 5802   29   22]
 [  74   57   41   10  110   41   73   48 4924  317]
 [  42   27   13  128   98   26   22   90   43 5324]]
==================================================

Training with 4000 samples...Accuracy: 0.9220
Classification Report LDA :
              precision    recall  f1-score   support

         0.0       0.96      0.94      0.95      5560
         1.0       0.94      0.90      0.92      6655
         2.0       0.92      0.95      0.94      5888
         3.0       0.89      0.94      0.92      5819
         4.0       0.94      0.91      0.92      5722
         5.0       0.97      0.89      0.93      5539
         6.0       0.94      0.93      0.94      5858
         7.0       0.88      0.96      0.92      6097
         8.0       0.91      0.87      0.89      5695
         9.0       0.89      0.92      0.91      5813

    accuracy                           0.92     58646
   macro avg       0.92      0.92      0.92     58646
weighted avg       0.92      0.92      0.92     58646

Confusion Matrix:
[[5248   12   23   18   34    4   71   30  118    2]
 [   1 5959  219   75   12   41   39  218   59   32]
 [  26   48 5608   21    3    0   13  147   21    1]
 [   1   15   29 5476    1   21    2  234   23   17]
 [  26   77   32    0 5185    0   87    6   24  285]
 [  10   11    7  384    4 4941   45   22   77   38]
 [  71   50   49   24   66   36 5461    0   98    3]
 [   0   81   55   20   62    1    0 5836   22   20]
 [  70   67   51    6   69   33   74   51 4981  293]
 [  37   32   10  109  102   11   19   91   26 5376]]
==================================================

Training with 5000 samples...Accuracy: 0.9267
Classification Report LDA :
              precision    recall  f1-score   support

         0.0       0.96      0.95      0.96      5560
         1.0       0.94      0.91      0.92      6655
         2.0       0.93      0.95      0.94      5888
         3.0       0.90      0.94      0.92      5819
         4.0       0.94      0.91      0.92      5722
         5.0       0.97      0.90      0.94      5539
         6.0       0.94      0.93      0.94      5858
         7.0       0.89      0.96      0.92      6097
         8.0       0.92      0.87      0.90      5695
         9.0       0.89      0.93      0.91      5813

    accuracy                           0.93     58646
   macro avg       0.93      0.93      0.93     58646
weighted avg       0.93      0.93      0.93     58646

Confusion Matrix:
[[5308   12   14   16   27    4   53   30   95    1]
 [   0 6023  204   89   18   34   51  175   33   28]
 [  25   48 5615   20    2    0    8  144   25    1]
 [   1   13   28 5497    1   17    3  223   22   14]
 [  26   64   39    0 5196    0   88    7   27  275]
 [   7   11    4  329    4 5009   42   24   66   43]
 [  64   47   45   33   54   40 5469    0  103    3]
 [   0   75   52   18   60    1    0 5851   19   21]
 [  71   66   37   10   73   43   64   48 4980  303]
 [  38   38    8   93   93   14   15   90   25 5399]]
==================================================

Training with 6000 samples...Accuracy: 0.9260
Classification Report LDA :
              precision    recall  f1-score   support

         0.0       0.96      0.96      0.96      5560
         1.0       0.94      0.90      0.92      6655
         2.0       0.93      0.95      0.94      5888
         3.0       0.90      0.94      0.92      5819
         4.0       0.95      0.91      0.93      5722
         5.0       0.98      0.90      0.94      5539
         6.0       0.95      0.93      0.94      5858
         7.0       0.87      0.96      0.92      6097
         8.0       0.92      0.87      0.90      5695
         9.0       0.88      0.93      0.91      5813

    accuracy                           0.93     58646
   macro avg       0.93      0.93      0.93     58646
weighted avg       0.93      0.93      0.93     58646

Confusion Matrix:
[[5317   10   16   17   24    2   42   31   99    2]
 [   0 5997  188   87   21   24   47  214   38   39]
 [  24   46 5599   16    1    0    7  167   26    2]
 [   1   13   28 5467    1   15    3  256   19   16]
 [  25   67   36    0 5202    0   80    4   23  285]
 [   9   11    4  329    5 5006   40   24   65   46]
 [  70   51   42   48   46   34 5458    0  106    3]
 [   0   71   51   11   59    1    0 5859   22   23]
 [  72   59   45    7   62   34   56   57 4977  326]
 [  35   35    9   88   78   11   14   94   23 5426]]
==================================================

Training with 7000 samples...Accuracy: 0.9262
Classification Report LDA :
              precision    recall  f1-score   support

         0.0       0.96      0.96      0.96      5560
         1.0       0.95      0.90      0.92      6655
         2.0       0.93      0.95      0.94      5888
         3.0       0.90      0.94      0.92      5819
         4.0       0.95      0.91      0.93      5722
         5.0       0.98      0.90      0.94      5539
         6.0       0.95      0.93      0.94      5858
         7.0       0.87      0.96      0.91      6097
         8.0       0.92      0.87      0.90      5695
         9.0       0.88      0.93      0.90      5813

    accuracy                           0.93     58646
   macro avg       0.93      0.93      0.93     58646
weighted avg       0.93      0.93      0.93     58646

Confusion Matrix:
[[5328   13   14   14   24    0   45   30   90    2]
 [   0 5991  188   92   18   25   36  222   48   35]
 [  24   41 5605   14    1    0    5  173   23    2]
 [   1   10   27 5465    1   16    3  262   19   15]
 [  25   63   45    0 5191    0   83    4   22  289]
 [   7    9    7  321    3 5009   42   26   62   53]
 [  69   46   40   47   47   33 5466    0  106    4]
 [   0   65   54    8   56    1    0 5864   23   26]
 [  72   58   46    7   66   36   56   56 4973  325]
 [  34   34    8   88   76   12   15   92   29 5425]]
==================================================

Training with 8000 samples...Accuracy: 0.9275
Classification Report LDA :
              precision    recall  f1-score   support

         0.0       0.96      0.96      0.96      5560
         1.0       0.95      0.90      0.92      6655
         2.0       0.93      0.95      0.94      5888
         3.0       0.90      0.94      0.92      5819
         4.0       0.95      0.92      0.93      5722
         5.0       0.98      0.90      0.94      5539
         6.0       0.95      0.93      0.94      5858
         7.0       0.87      0.96      0.91      6097
         8.0       0.93      0.87      0.90      5695
         9.0       0.88      0.94      0.91      5813

    accuracy                           0.93     58646
   macro avg       0.93      0.93      0.93     58646
weighted avg       0.93      0.93      0.93     58646

Confusion Matrix:
[[5358   11   11   13   17    0   39   25   85    1]
 [   0 6006  183   95   16   28   34  234   30   29]
 [  23   42 5592   17    1    0    7  184   20    2]
 [   1   11   28 5447    1   17    2  278   20   14]
 [  17   67   35    0 5240    0   81    5   23  254]
 [   8   12    6  325    4 5004   44   22   63   51]
 [  74   47   39   38   47   32 5469    0  107    5]
 [   0   64   51    7   57    1    0 5873   21   23]
 [  74   57   41    5   63   37   57   58 4965  338]
 [  30   31    7   85   77   12   13   91   25 5442]]
==================================================

Training with 9000 samples...Accuracy: 0.9279
Classification Report LDA :
              precision    recall  f1-score   support

         0.0       0.96      0.96      0.96      5560
         1.0       0.95      0.91      0.93      6655
         2.0       0.93      0.95      0.94      5888
         3.0       0.91      0.94      0.92      5819
         4.0       0.95      0.91      0.93      5722
         5.0       0.98      0.91      0.94      5539
         6.0       0.95      0.93      0.94      5858
         7.0       0.87      0.96      0.91      6097
         8.0       0.93      0.87      0.90      5695
         9.0       0.88      0.94      0.91      5813

    accuracy                           0.93     58646
   macro avg       0.93      0.93      0.93     58646
weighted avg       0.93      0.93      0.93     58646

Confusion Matrix:
[[5342   11   14   13   17    1   54   22   84    2]
 [   0 6028  176   90   13   24   34  242   23   25]
 [  23   44 5592   17    1    0    9  177   23    2]
 [   1   11   29 5471    1   18    1  253   19   15]
 [  18   63   43    0 5223    0   84    6   18  267]
 [   7   12    5  308    4 5029   46   19   62   47]
 [  71   47   41   27   52   34 5473    0  109    4]
 [   0   61   52   10   56    1    0 5869   21   27]
 [  74   63   40    6   59   35   58   58 4947  355]
 [  32   31    7   85   74    9   15   91   25 5444]]
==================================================

Training with 10000 samples...Accuracy: 0.9277
Classification Report LDA :
              precision    recall  f1-score   support

         0.0       0.96      0.96      0.96      5560
         1.0       0.94      0.91      0.93      6655
         2.0       0.93      0.95      0.94      5888
         3.0       0.91      0.94      0.92      5819
         4.0       0.95      0.91      0.93      5722
         5.0       0.97      0.91      0.94      5539
         6.0       0.95      0.93      0.94      5858
         7.0       0.87      0.96      0.92      6097
         8.0       0.93      0.86      0.89      5695
         9.0       0.88      0.94      0.91      5813

    accuracy                           0.93     58646
   macro avg       0.93      0.93      0.93     58646
weighted avg       0.93      0.93      0.93     58646

Confusion Matrix:
[[5337   11   13   14   19    2   50   24   86    4]
 [   0 6063  176   84   10   27   36  212   23   24]
 [  23   42 5597   14    1    0   10  176   24    1]
 [   1   11   28 5468    1   18    2  256   20   14]
 [  18   68   47    0 5218    0   78    5   24  264]
 [   7   12    6  317    4 5022   44   19   61   47]
 [  73   50   41   37   46   37 5462    0  108    4]
 [   0   70   48    7   56    1    0 5872   20   23]
 [  73   63   42    7   57   42   60   58 4926  367]
 [  31   30    7   86   75   12   15   92   22 5443]]
==================================================

Training with 11000 samples...Accuracy: 0.9280
Classification Report LDA :
              precision    recall  f1-score   support

         0.0       0.96      0.96      0.96      5560
         1.0       0.95      0.91      0.93      6655
         2.0       0.93      0.95      0.94      5888
         3.0       0.91      0.94      0.92      5819
         4.0       0.95      0.91      0.93      5722
         5.0       0.98      0.90      0.94      5539
         6.0       0.95      0.93      0.94      5858
         7.0       0.87      0.96      0.92      6097
         8.0       0.93      0.87      0.90      5695
         9.0       0.88      0.93      0.91      5813

    accuracy                           0.93     58646
   macro avg       0.93      0.93      0.93     58646
weighted avg       0.93      0.93      0.93     58646

Confusion Matrix:
[[5346   11   13   14   20    1   42   21   90    2]
 [   0 6062  177   80   11   23   35  220   20   27]
 [  23   41 5600   15    1    0    9  174   24    1]
 [   1   10   29 5464    1   18    3  259   20   14]
 [  17   64   44    0 5227    0   78    6   21  265]
 [   8   11    6  330    5 5004   46   18   63   48]
 [  73   49   41   31   46   34 5463    0  117    4]
 [   0   66   48    6   55    1    0 5874   21   26]
 [  70   58   42    5   56   35   62   58 4948  361]
 [  31   31    7   88   77   12   16   93   25 5433]]
==================================================

Training with 12000 samples...Accuracy: 0.9279
Classification Report LDA :
              precision    recall  f1-score   support

         0.0       0.96      0.96      0.96      5560
         1.0       0.95      0.91      0.93      6655
         2.0       0.93      0.95      0.94      5888
         3.0       0.90      0.94      0.92      5819
         4.0       0.95      0.91      0.93      5722
         5.0       0.98      0.90      0.94      5539
         6.0       0.95      0.93      0.94      5858
         7.0       0.87      0.96      0.92      6097
         8.0       0.92      0.87      0.90      5695
         9.0       0.88      0.94      0.91      5813

    accuracy                           0.93     58646
   macro avg       0.93      0.93      0.93     58646
weighted avg       0.93      0.93      0.93     58646

Confusion Matrix:
[[5351   12   13   15   18    0   42   19   86    4]
 [   0 6066  186   83    9   22   33  208   23   25]
 [  22   39 5600   15    1    0    6  179   25    1]
 [   1   11   29 5468    1   16    2  257   19   15]
 [  17   65   49    0 5220    0   76    6   25  264]
 [   9   12    6  339    4 4987   46   20   66   50]
 [  78   49   40   31   51   37 5445    0  122    5]
 [   0   62   49    6   55    1    0 5877   21   26]
 [  72   60   42    6   57   32   52   62 4962  350]
 [  33   30    8   90   75    5   14   91   27 5440]]
==================================================

Training with 13000 samples...Accuracy: 0.9276
Classification Report LDA :
              precision    recall  f1-score   support

         0.0       0.96      0.96      0.96      5560
         1.0       0.95      0.91      0.93      6655
         2.0       0.93      0.95      0.94      5888
         3.0       0.90      0.94      0.92      5819
         4.0       0.95      0.91      0.93      5722
         5.0       0.98      0.90      0.94      5539
         6.0       0.95      0.93      0.94      5858
         7.0       0.87      0.96      0.92      6097
         8.0       0.92      0.87      0.90      5695
         9.0       0.88      0.94      0.91      5813

    accuracy                           0.93     58646
   macro avg       0.93      0.93      0.93     58646
weighted avg       0.93      0.93      0.93     58646

Confusion Matrix:
[[5354   10   11   15   20    0   45   20   80    5]
 [   0 6063  186   90   11   22   36  196   25   26]
 [  22   39 5601   13    1    0    5  181   25    1]
 [   1   10   30 5447    1   17    2  278   19   14]
 [  17   65   52    0 5209    0   75    5   24  275]
 [   9   12    5  334    4 4981   47   23   72   52]
 [  78   48   38   28   50   34 5461    0  116    5]
 [   0   62   50    6   55    1    0 5876   21   26]
 [  75   59   37    5   55   28   52   58 4971  355]
 [  33   31    8   90   73    5   15   94   28 5436]]
==================================================

Training with 14000 samples...Accuracy: 0.9278
Classification Report LDA :
              precision    recall  f1-score   support

         0.0       0.96      0.96      0.96      5560
         1.0       0.95      0.91      0.93      6655
         2.0       0.93      0.95      0.94      5888
         3.0       0.91      0.93      0.92      5819
         4.0       0.95      0.91      0.93      5722
         5.0       0.98      0.91      0.94      5539
         6.0       0.95      0.93      0.94      5858
         7.0       0.87      0.96      0.92      6097
         8.0       0.92      0.87      0.90      5695
         9.0       0.88      0.93      0.90      5813

    accuracy                           0.93     58646
   macro avg       0.93      0.93      0.93     58646
weighted avg       0.93      0.93      0.93     58646

Confusion Matrix:
[[5357   11   10   16   22    0   44   18   79    3]
 [   0 6068  190   90   10   22   36  193   24   22]
 [  21   38 5605   12    1    0    6  179   25    1]
 [   1   13   30 5440    1   18    2  280   19   15]
 [  19   65   47    0 5206    0   78    5   27  275]
 [   9   11    6  308    4 5018   44   22   66   51]
 [  78   50   37   25   54   36 5458    0  115    5]
 [   0   60   50    6   55    1    0 5876   23   26]
 [  78   60   40    6   54   30   52   55 4950  370]
 [  34   30    8   90   73    6   15   97   26 5434]]
==================================================

Training with 15000 samples...Accuracy: 0.9283
Classification Report LDA :
              precision    recall  f1-score   support

         0.0       0.96      0.97      0.96      5560
         1.0       0.95      0.91      0.93      6655
         2.0       0.93      0.95      0.94      5888
         3.0       0.91      0.94      0.92      5819
         4.0       0.95      0.91      0.93      5722
         5.0       0.98      0.91      0.94      5539
         6.0       0.95      0.93      0.94      5858
         7.0       0.87      0.96      0.92      6097
         8.0       0.92      0.87      0.90      5695
         9.0       0.88      0.93      0.91      5813

    accuracy                           0.93     58646
   macro avg       0.93      0.93      0.93     58646
weighted avg       0.93      0.93      0.93     58646

Confusion Matrix:
[[5368   11   10   14   18    0   43   18   77    1]
 [   0 6059  184   86   11   22   37  208   26   22]
 [  20   38 5610   12    1    0    4  175   27    1]
 [   1   11   29 5456    1   19    1  265   21   15]
 [  21   65   44    0 5203    0   82    5   31  271]
 [   9   11    6  305    4 5022   47   23   65   47]
 [  79   50   35   23   53   36 5458    0  120    4]
 [   0   60   51    5   54    1    0 5877   24   25]
 [  79   61   35    4   53   34   50   56 4960  363]
 [  35   31    8   93   71    8   14   99   25 5429]]
==================================================

Training with 16000 samples...Accuracy: 0.9281
Classification Report LDA :
              precision    recall  f1-score   support

         0.0       0.96      0.96      0.96      5560
         1.0       0.95      0.91      0.93      6655
         2.0       0.93      0.95      0.94      5888
         3.0       0.91      0.94      0.92      5819
         4.0       0.95      0.91      0.93      5722
         5.0       0.98      0.91      0.94      5539
         6.0       0.95      0.93      0.94      5858
         7.0       0.88      0.96      0.92      6097
         8.0       0.92      0.87      0.90      5695
         9.0       0.88      0.93      0.91      5813

    accuracy                           0.93     58646
   macro avg       0.93      0.93      0.93     58646
weighted avg       0.93      0.93      0.93     58646

Confusion Matrix:
[[5365   10   10   15   19    0   45   17   77    2]
 [   0 6039  198   85   10   23   39  202   33   26]
 [  20   39 5612   13    1    0    3  173   26    1]
 [   1   11   30 5467    1   18    1  255   20   15]
 [  21   64   46    0 5201    0   84    5   25  276]
 [   9   11    6  312    4 5022   45   20   65   45]
 [  83   45   35   24   55   38 5449    0  125    4]
 [   0   59   50    6   54    1    0 5879   21   27]
 [  79   59   39    4   53   33   52   54 4966  356]
 [  36   30    8   96   69    7   15   96   26 5430]]
==================================================

Training with 17000 samples...Accuracy: 0.9277
Classification Report LDA :
              precision    recall  f1-score   support

         0.0       0.96      0.96      0.96      5560
         1.0       0.95      0.91      0.93      6655
         2.0       0.93      0.95      0.94      5888
         3.0       0.91      0.94      0.92      5819
         4.0       0.95      0.91      0.93      5722
         5.0       0.98      0.90      0.94      5539
         6.0       0.95      0.93      0.94      5858
         7.0       0.88      0.96      0.92      6097
         8.0       0.92      0.87      0.90      5695
         9.0       0.88      0.94      0.91      5813

    accuracy                           0.93     58646
   macro avg       0.93      0.93      0.93     58646
weighted avg       0.93      0.93      0.93     58646

Confusion Matrix:
[[5361   10   10   15   22    0   47   17   76    2]
 [   0 6037  206   83    9   22   38  204   32   24]
 [  20   38 5616   12    1    0    3  170   27    1]
 [   1   12   29 5455    1   17    1  266   22   15]
 [  21   66   44    0 5200    0   86    5   31  269]
 [   9   11    6  323    5 4998   53   22   66   46]
 [  83   45   35   22   57   37 5453    0  123    3]
 [   0   59   49    5   55    1    0 5878   23   27]
 [  79   59   38    4   53   31   54   56 4971  350]
 [  34   30    8   92   66    7   16   97   27 5436]]
==================================================

Training with 18000 samples...Accuracy: 0.9270
Classification Report LDA :
              precision    recall  f1-score   support

         0.0       0.96      0.96      0.96      5560
         1.0       0.95      0.91      0.93      6655
         2.0       0.93      0.95      0.94      5888
         3.0       0.91      0.94      0.92      5819
         4.0       0.95      0.91      0.93      5722
         5.0       0.98      0.90      0.94      5539
         6.0       0.95      0.93      0.94      5858
         7.0       0.87      0.96      0.92      6097
         8.0       0.92      0.87      0.89      5695
         9.0       0.88      0.93      0.91      5813

    accuracy                           0.93     58646
   macro avg       0.93      0.93      0.93     58646
weighted avg       0.93      0.93      0.93     58646

Confusion Matrix:
[[5362   10   10   15   19    0   46   17   79    2]
 [   0 6024  224   85    9   21   37  202   30   23]
 [  21   40 5606   12    1    0    3  177   27    1]
 [   1   12   30 5453    1   18    1  267   22   14]
 [  20   65   44    0 5201    0   86    6   27  273]
 [   9   12    7  325    5 4996   53   23   66   43]
 [  78   47   35   16   57   36 5462    0  124    3]
 [   0   59   49    5   56    1    0 5877   24   26]
 [  80   60   38    5   55   30   56   60 4954  357]
 [  34   30    9   92   70    7   16   99   24 5432]]
==================================================

Training with 19000 samples...Accuracy: 0.9278
Classification Report LDA :
              precision    recall  f1-score   support

         0.0       0.96      0.96      0.96      5560
         1.0       0.95      0.91      0.93      6655
         2.0       0.93      0.95      0.94      5888
         3.0       0.91      0.94      0.92      5819
         4.0       0.95      0.91      0.93      5722
         5.0       0.98      0.91      0.94      5539
         6.0       0.95      0.93      0.94      5858
         7.0       0.88      0.96      0.92      6097
         8.0       0.92      0.87      0.90      5695
         9.0       0.88      0.93      0.91      5813

    accuracy                           0.93     58646
   macro avg       0.93      0.93      0.93     58646
weighted avg       0.93      0.93      0.93     58646

Confusion Matrix:
[[5362    9   10   15   19    0   48   17   78    2]
 [   0 6035  217   83    9   24   37  198   29   23]
 [  22   41 5604   12    1    0    4  175   28    1]
 [   1   12   29 5463    1   19    1  257   21   15]
 [  20   70   43    0 5199    0   86    6   28  270]
 [   9   11    6  310    4 5017   51   24   68   39]
 [  79   49   35   13   58   35 5458    0  128    3]
 [   0   58   49    6   55    1    0 5878   23   27]
 [  79   58   38    6   54   28   54   59 4961  358]
 [  34   31    9   89   68    7   16   99   26 5434]]
==================================================

Training with 20000 samples...Accuracy: 0.9279
Classification Report LDA :
              precision    recall  f1-score   support

         0.0       0.96      0.96      0.96      5560
         1.0       0.95      0.91      0.93      6655
         2.0       0.93      0.95      0.94      5888
         3.0       0.91      0.94      0.92      5819
         4.0       0.95      0.91      0.93      5722
         5.0       0.98      0.91      0.94      5539
         6.0       0.95      0.93      0.94      5858
         7.0       0.88      0.96      0.92      6097
         8.0       0.92      0.87      0.89      5695
         9.0       0.88      0.93      0.91      5813

    accuracy                           0.93     58646
   macro avg       0.93      0.93      0.93     58646
weighted avg       0.93      0.93      0.93     58646

Confusion Matrix:
[[5358   10   11   15   19    0   47   17   80    3]
 [   0 6027  222   85    9   22   38  199   31   22]
 [  22   41 5605   12    1    0    4  175   27    1]
 [   1   12   29 5470    1   19    1  247   23   16]
 [  20   71   42    0 5208    0   86    5   29  261]
 [   9   11    6  314    4 5015   50   24   67   39]
 [  77   49   37   15   56   36 5460    0  125    3]
 [   0   58   47    6   58    1    0 5882   22   23]
 [  80   59   38    5   51   29   54   57 4961  361]
 [  34   31    9   91   69    7   16   98   29 5429]]
==================================================
Training time: 4.3731 seconds 
Média training time: 0.2187 seconds
Training with 1000 samples...Accuracy: 0.9106
Classification Report LDA :
              precision    recall  f1-score   support

         0.0       0.95      0.93      0.94      5560
         1.0       0.95      0.86      0.90      6655
         2.0       0.94      0.95      0.94      5888
         3.0       0.87      0.96      0.91      5819
         4.0       0.91      0.91      0.91      5722
         5.0       0.97      0.89      0.93      5539
         6.0       0.90      0.93      0.92      5858
         7.0       0.89      0.95      0.92      6097
         8.0       0.92      0.83      0.87      5695
         9.0       0.83      0.91      0.87      5813

    accuracy                           0.91     58646
   macro avg       0.91      0.91      0.91     58646
weighted avg       0.91      0.91      0.91     58646

Confusion Matrix:
[[5147   13   11   36   47   41  114   30  109   12]
 [   0 5742  178   69   12    6  163  243   43  199]
 [  11   53 5572   55    7    1   30  124   34    1]
 [   1   10   27 5582    1   11    3  150   19   15]
 [  20   43   34    0 5190    0  110    4   11  310]
 [   6    9    4  460   15 4929   39    6   39   32]
 [  75   66   28    5   68   34 5463    0  119    0]
 [   0   51   48   48  111    1    1 5779    8   50]
 [ 104   45   36    7  129   33   97   48 4710  486]
 [  38   27    9  124  140    8   38   88   51 5290]]
==================================================

Training with 2000 samples...Accuracy: 0.9158
Classification Report LDA :
              precision    recall  f1-score   support

         0.0       0.95      0.93      0.94      5560
         1.0       0.94      0.88      0.91      6655
         2.0       0.92      0.95      0.94      5888
         3.0       0.88      0.95      0.91      5819
         4.0       0.92      0.89      0.91      5722
         5.0       0.98      0.89      0.93      5539
         6.0       0.92      0.93      0.92      5858
         7.0       0.87      0.96      0.91      6097
         8.0       0.93      0.86      0.89      5695
         9.0       0.86      0.92      0.89      5813

    accuracy                           0.92     58646
   macro avg       0.92      0.92      0.92     58646
weighted avg       0.92      0.92      0.92     58646

Confusion Matrix:
[[5191   11   13   41   58    4  113   37   91    1]
 [   0 5837  261   52    4   16   69  265   55   96]
 [  17   49 5579   35    3    1   30  153   21    0]
 [   3    9   28 5504    1   15    3  219   19   18]
 [  25   71   25    0 5118    0  108    7   14  354]
 [   8    8    4  421    4 4957   40   15   43   39]
 [  82   56   32    2   95   49 5428    0  113    1]
 [   0   71   41   23   83    1    1 5841   11   25]
 [ 112   52   43   10   95   30   97   50 4900  306]
 [  46   27   13  137   84    5   35   89   22 5355]]
==================================================

Training with 3000 samples...Accuracy: 0.9185
Classification Report LDA :
              precision    recall  f1-score   support

         0.0       0.95      0.94      0.94      5560
         1.0       0.94      0.87      0.91      6655
         2.0       0.92      0.95      0.93      5888
         3.0       0.90      0.95      0.92      5819
         4.0       0.92      0.90      0.91      5722
         5.0       0.98      0.90      0.94      5539
         6.0       0.92      0.93      0.93      5858
         7.0       0.87      0.95      0.91      6097
         8.0       0.92      0.87      0.89      5695
         9.0       0.88      0.92      0.90      5813

    accuracy                           0.92     58646
   macro avg       0.92      0.92      0.92     58646
weighted avg       0.92      0.92      0.92     58646

Confusion Matrix:
[[5208   12   16   26   52    9  101   37   98    1]
 [   0 5808  298   58    5   22   52  298   69   45]
 [  16   51 5576   37    4    0   29  152   23    0]
 [   1   11   24 5515    1   16    3  210   21   17]
 [  27   67   18    0 5163    0  106    7   22  312]
 [   8   11    4  362    7 5009   44   14   44   36]
 [  66   58   35    2   94   35 5458    0  110    0]
 [   0   81   40   37   92    1    1 5810   14   21]
 [  95   50   33    6   98   28   84   52 4949  300]
 [  47   29   11  115   91    9   26   87   29 5369]]
==================================================

Training with 4000 samples...Accuracy: 0.9212
Classification Report LDA :
              precision    recall  f1-score   support

         0.0       0.95      0.93      0.94      5560
         1.0       0.94      0.89      0.91      6655
         2.0       0.93      0.95      0.94      5888
         3.0       0.90      0.94      0.92      5819
         4.0       0.92      0.91      0.92      5722
         5.0       0.98      0.91      0.94      5539
         6.0       0.92      0.93      0.93      5858
         7.0       0.87      0.96      0.91      6097
         8.0       0.92      0.87      0.90      5695
         9.0       0.89      0.93      0.91      5813

    accuracy                           0.92     58646
   macro avg       0.92      0.92      0.92     58646
weighted avg       0.92      0.92      0.92     58646

Confusion Matrix:
[[5188   13   12   28   51    0  102   36  130    0]
 [   0 5905  239   56    9   30   63  275   49   29]
 [  17   54 5585   28    2    0   26  152   24    0]
 [   1   14   25 5477    2   18    3  243   21   15]
 [  26   74   18    0 5201    0   94    7   20  282]
 [   7   10    4  345    8 5026   54   14   40   31]
 [  64   56   35    4   90   34 5469    0  105    1]
 [   0   75   40   23   86    2    1 5843    8   19]
 [  93   54   35    6   71   25   88   55 4954  314]
 [  46   31   10  103  105    5   24   87   24 5378]]
==================================================

Training with 5000 samples...Accuracy: 0.9243
Classification Report LDA :
              precision    recall  f1-score   support

         0.0       0.95      0.94      0.95      5560
         1.0       0.94      0.89      0.92      6655
         2.0       0.93      0.95      0.94      5888
         3.0       0.91      0.94      0.93      5819
         4.0       0.93      0.91      0.92      5722
         5.0       0.98      0.91      0.94      5539
         6.0       0.93      0.93      0.93      5858
         7.0       0.87      0.96      0.91      6097
         8.0       0.93      0.87      0.90      5695
         9.0       0.89      0.93      0.91      5813

    accuracy                           0.92     58646
   macro avg       0.93      0.92      0.92     58646
weighted avg       0.93      0.92      0.92     58646

Confusion Matrix:
[[5238   14   13   29   44    0   75   35  111    1]
 [   0 5923  222   61   11   32   77  268   33   28]
 [  18   51 5599   24    2    0   20  153   21    0]
 [   1   13   25 5485    2   15    2  243   20   13]
 [  26   61   22    0 5216    0   83    8   18  288]
 [   6   10    4  306    7 5063   53   17   41   32]
 [  68   58   33    6   93   35 5462    0  102    1]
 [   0   72   47   29   74    1    1 5842   10   21]
 [  90   52   36    7   66   36   75   53 4962  318]
 [  43   32    9   90   95    8   21   85   15 5415]]
==================================================

Training with 6000 samples...Accuracy: 0.9236
Classification Report LDA :
              precision    recall  f1-score   support

         0.0       0.95      0.95      0.95      5560
         1.0       0.94      0.89      0.91      6655
         2.0       0.93      0.95      0.94      5888
         3.0       0.91      0.94      0.92      5819
         4.0       0.93      0.91      0.92      5722
         5.0       0.98      0.91      0.94      5539
         6.0       0.94      0.93      0.93      5858
         7.0       0.86      0.96      0.91      6097
         8.0       0.93      0.87      0.90      5695
         9.0       0.88      0.93      0.91      5813

    accuracy                           0.92     58646
   macro avg       0.93      0.92      0.92     58646
weighted avg       0.93      0.92      0.92     58646

Confusion Matrix:
[[5264   13   14   24   40    0   65   36  103    1]
 [   0 5908  205   63   14   27   73  280   50   35]
 [  21   50 5575   21    2    0   20  178   21    0]
 [   1   14   24 5467    1   15    1  260   20   16]
 [  25   60   23    0 5219    0   82    7   17  289]
 [   6   11    4  306    8 5057   45   16   47   39]
 [  72   56   35   13   87   32 5449    0  112    2]
 [   0   61   49   20   79    1    1 5851   13   22]
 [  86   53   38    6   71   28   67   56 4947  343]
 [  40   33    9   89   90    7   18   82   16 5429]]
==================================================

Training with 7000 samples...Accuracy: 0.9246
Classification Report LDA :
              precision    recall  f1-score   support

         0.0       0.95      0.95      0.95      5560
         1.0       0.94      0.89      0.92      6655
         2.0       0.93      0.95      0.94      5888
         3.0       0.91      0.94      0.92      5819
         4.0       0.93      0.91      0.92      5722
         5.0       0.98      0.91      0.94      5539
         6.0       0.94      0.93      0.94      5858
         7.0       0.87      0.96      0.91      6097
         8.0       0.93      0.87      0.90      5695
         9.0       0.88      0.93      0.91      5813

    accuracy                           0.92     58646
   macro avg       0.93      0.92      0.92     58646
weighted avg       0.93      0.92      0.92     58646

Confusion Matrix:
[[5297   13   14   21   37    0   59   35   82    2]
 [   0 5944  199   65   11   27   50  268   59   32]
 [  21   48 5574   21    2    0   19  182   21    0]
 [   1   12   25 5465    1   14    2  263   19   17]
 [  25   63   25    0 5219    0   84    7   18  281]
 [   7   10    4  309    8 5047   47   15   48   44]
 [  74   55   30   16   88   31 5453    0  109    2]
 [   0   59   46   11   76    1    1 5866   14   23]
 [  89   53   38    5   74   29   65   60 4936  346]
 [  39   35    9   89   90    7   17   83   20 5424]]
==================================================

Training with 8000 samples...Accuracy: 0.9261
Classification Report LDA :
              precision    recall  f1-score   support

         0.0       0.95      0.96      0.96      5560
         1.0       0.95      0.90      0.92      6655
         2.0       0.94      0.95      0.94      5888
         3.0       0.91      0.94      0.92      5819
         4.0       0.93      0.92      0.93      5722
         5.0       0.98      0.91      0.94      5539
         6.0       0.94      0.93      0.94      5858
         7.0       0.86      0.96      0.91      6097
         8.0       0.93      0.86      0.90      5695
         9.0       0.88      0.93      0.91      5813

    accuracy                           0.93     58646
   macro avg       0.93      0.93      0.93     58646
weighted avg       0.93      0.93      0.93     58646

Confusion Matrix:
[[5318   13   12   21   32    0   50   30   82    2]
 [   0 5964  198   69   12   28   43  278   36   27]
 [  20   43 5569   20    2    0   20  192   22    0]
 [   1   12   23 5453    2   17    2  274   20   15]
 [  23   54   25    0 5268    0   81    6   17  248]
 [   7   11    4  301    7 5052   48   15   49   45]
 [  76   50   30   13   87   29 5460    0  108    5]
 [   0   57   44   10   78    1    1 5874   14   18]
 [  91   52   38    4   74   30   64   61 4919  362]
 [  37   35    9   88   86    8   17   81   19 5433]]
==================================================

Training with 9000 samples...Accuracy: 0.9263
Classification Report LDA :
              precision    recall  f1-score   support

         0.0       0.95      0.96      0.95      5560
         1.0       0.95      0.90      0.92      6655
         2.0       0.94      0.95      0.94      5888
         3.0       0.91      0.94      0.93      5819
         4.0       0.94      0.92      0.93      5722
         5.0       0.98      0.91      0.94      5539
         6.0       0.94      0.93      0.94      5858
         7.0       0.87      0.96      0.91      6097
         8.0       0.93      0.86      0.89      5695
         9.0       0.88      0.94      0.91      5813

    accuracy                           0.93     58646
   macro avg       0.93      0.93      0.93     58646
weighted avg       0.93      0.93      0.93     58646

Confusion Matrix:
[[5310   13   17   20   32    0   56   28   82    2]
 [   0 5979  185   67   10   30   47  278   31   28]
 [  20   42 5575   20    2    0   20  186   23    0]
 [   1   12   22 5465    1   19    2  261   20   16]
 [  23   56   25    0 5251    0   84    6   18  259]
 [   7   10    4  293    6 5067   52   11   47   42]
 [  75   51   34    8   87   33 5450    0  118    2]
 [   0   56   45   13   68    1    1 5879   14   20]
 [  88   52   40    4   74   32   66   63 4903  373]
 [  37   34    9   88   83    4   18   79   19 5442]]
==================================================

Training with 10000 samples...Accuracy: 0.9265
Classification Report LDA :
              precision    recall  f1-score   support

         0.0       0.96      0.96      0.96      5560
         1.0       0.95      0.90      0.93      6655
         2.0       0.94      0.95      0.94      5888
         3.0       0.91      0.94      0.93      5819
         4.0       0.94      0.92      0.93      5722
         5.0       0.98      0.91      0.94      5539
         6.0       0.94      0.93      0.94      5858
         7.0       0.87      0.96      0.91      6097
         8.0       0.93      0.86      0.89      5695
         9.0       0.88      0.94      0.90      5813

    accuracy                           0.93     58646
   macro avg       0.93      0.93      0.93     58646
weighted avg       0.93      0.93      0.93     58646

Confusion Matrix:
[[5313   12   17   20   32    0   53   29   82    2]
 [   0 6019  175   68    9   31   42  261   25   25]
 [  20   44 5572   19    2    0   20  188   23    0]
 [   1   12   24 5465    2   16    2  261   21   15]
 [  22   53   26    0 5251    0   81    6   17  266]
 [   7   11    4  297    5 5065   49   14   47   40]
 [  74   52   33   12   88   34 5446    0  116    3]
 [   0   62   42   11   63    1    1 5880   15   22]
 [  87   53   40    4   65   35   65   65 4882  399]
 [  35   33    8   89   83    7   19   80   19 5440]]
==================================================

Training with 11000 samples...Accuracy: 0.9269
Classification Report LDA :
              precision    recall  f1-score   support

         0.0       0.96      0.96      0.96      5560
         1.0       0.95      0.90      0.93      6655
         2.0       0.94      0.95      0.94      5888
         3.0       0.91      0.94      0.93      5819
         4.0       0.94      0.92      0.93      5722
         5.0       0.98      0.91      0.94      5539
         6.0       0.94      0.93      0.94      5858
         7.0       0.87      0.97      0.91      6097
         8.0       0.93      0.86      0.89      5695
         9.0       0.88      0.94      0.91      5813

    accuracy                           0.93     58646
   macro avg       0.93      0.93      0.93     58646
weighted avg       0.93      0.93      0.93     58646

Confusion Matrix:
[[5314   12   18   20   30    0   48   28   88    2]
 [   0 6014  173   63    8   28   40  267   35   27]
 [  20   40 5578   18    2    0   21  188   21    0]
 [   1   13   26 5457    2   16    2  266   21   15]
 [  19   54   28    0 5259    0   78    6   16  262]
 [   7   10    6  303    5 5052   47   12   53   44]
 [  75   51   32   13   84   31 5444    0  125    3]
 [   0   62   39    7   58    1    1 5892   15   22]
 [  82   52   41    3   60   29   69   62 4912  385]
 [  37   33    7   89   84    5   18   81   21 5438]]
==================================================

Training with 12000 samples...Accuracy: 0.9267
Classification Report LDA :
              precision    recall  f1-score   support

         0.0       0.96      0.96      0.96      5560
         1.0       0.95      0.90      0.93      6655
         2.0       0.94      0.95      0.94      5888
         3.0       0.91      0.94      0.92      5819
         4.0       0.94      0.92      0.93      5722
         5.0       0.98      0.91      0.94      5539
         6.0       0.94      0.93      0.94      5858
         7.0       0.87      0.97      0.91      6097
         8.0       0.93      0.86      0.89      5695
         9.0       0.88      0.94      0.91      5813

    accuracy                           0.93     58646
   macro avg       0.93      0.93      0.93     58646
weighted avg       0.93      0.93      0.93     58646

Confusion Matrix:
[[5323   13   16   20   29    0   48   25   83    3]
 [   0 6013  177   64    8   29   39  264   35   26]
 [  20   40 5583   18    2    0   17  187   21    0]
 [   1   13   27 5463    2   16    2  260   20   15]
 [  21   54   29    0 5253    0   80    6   16  263]
 [   8   10    4  318    6 5027   52   13   51   50]
 [  79   53   33   11   86   33 5433    0  125    5]
 [   0   59   42    9   58    1    0 5891   15   22]
 [  84   54   42    4   61   27   64   63 4923  373]
 [  37   33    9   91   81    4   16   80   22 5440]]
==================================================

Training with 13000 samples...Accuracy: 0.9271
Classification Report LDA :
              precision    recall  f1-score   support

         0.0       0.96      0.96      0.96      5560
         1.0       0.95      0.91      0.93      6655
         2.0       0.94      0.95      0.94      5888
         3.0       0.91      0.94      0.92      5819
         4.0       0.94      0.92      0.93      5722
         5.0       0.98      0.91      0.94      5539
         6.0       0.94      0.93      0.94      5858
         7.0       0.87      0.97      0.91      6097
         8.0       0.93      0.86      0.90      5695
         9.0       0.87      0.94      0.90      5813

    accuracy                           0.93     58646
   macro avg       0.93      0.93      0.93     58646
weighted avg       0.93      0.93      0.93     58646

Confusion Matrix:
[[5325   13   16   20   30    0   48   25   80    3]
 [   0 6025  175   66    8   26   41  256   32   26]
 [  20   39 5594   14    1    0   17  182   21    0]
 [   1   14   27 5448    1   15    0  276   22   15]
 [  21   53   30    0 5241    0   79    6   16  276]
 [   8   10    5  308    6 5030   55   16   51   50]
 [  78   52   32   11   84   30 5452    0  114    5]
 [   0   60   43    7   57    1    0 5891   15   23]
 [  85   54   40    2   58   25   64   60 4921  386]
 [  35   33    9   93   76    3   17   82   21 5444]]
==================================================

Training with 14000 samples...Accuracy: 0.9271
Classification Report LDA :
              precision    recall  f1-score   support

         0.0       0.95      0.96      0.96      5560
         1.0       0.95      0.91      0.93      6655
         2.0       0.94      0.95      0.94      5888
         3.0       0.91      0.94      0.93      5819
         4.0       0.94      0.92      0.93      5722
         5.0       0.98      0.91      0.94      5539
         6.0       0.95      0.93      0.94      5858
         7.0       0.87      0.97      0.91      6097
         8.0       0.93      0.86      0.89      5695
         9.0       0.87      0.94      0.90      5813

    accuracy                           0.93     58646
   macro avg       0.93      0.93      0.93     58646
weighted avg       0.93      0.93      0.93     58646

Confusion Matrix:
[[5334   13   13   20   30    0   45   23   80    2]
 [   0 6025  176   67    9   24   39  255   34   26]
 [  20   40 5595   15    1    0   17  180   20    0]
 [   1   14   27 5448    1   16    0  277   20   15]
 [  24   52   28    0 5243    0   82    6   16  271]
 [   8   10    4  292    5 5051   53   16   51   49]
 [  80   52   31   11   87   32 5444    0  116    5]
 [   0   59   45    6   58    1    0 5890   15   23]
 [  85   57   39    3   62   27   63   59 4901  399]
 [  35   35    9   93   72    4   17   85   21 5442]]
==================================================

Training with 15000 samples...Accuracy: 0.9281
Classification Report LDA :
              precision    recall  f1-score   support

         0.0       0.96      0.96      0.96      5560
         1.0       0.95      0.91      0.93      6655
         2.0       0.94      0.95      0.94      5888
         3.0       0.92      0.94      0.93      5819
         4.0       0.94      0.92      0.93      5722
         5.0       0.98      0.91      0.94      5539
         6.0       0.95      0.93      0.94      5858
         7.0       0.87      0.97      0.91      6097
         8.0       0.93      0.86      0.90      5695
         9.0       0.88      0.93      0.90      5813

    accuracy                           0.93     58646
   macro avg       0.93      0.93      0.93     58646
weighted avg       0.93      0.93      0.93     58646

Confusion Matrix:
[[5343   13   13   16   29    0   45   23   77    1]
 [   0 6035  171   63    9   24   37  258   33   25]
 [  20   38 5598   14    1    0   18  178   21    0]
 [   1   13   26 5459    1   15    0  266   22   16]
 [  24   51   27    0 5253    0   84    6   16  261]
 [   8   11    4  287    5 5056   53   17   51   47]
 [  79   51   30   11   85   31 5446    0  120    5]
 [   0   61   46    5   57    1    0 5887   16   24]
 [  83   54   38    3   57   29   62   61 4919  389]
 [  35   36    8   95   73    6   17   86   22 5435]]
==================================================

Training with 16000 samples...Accuracy: 0.9275
Classification Report LDA :
              precision    recall  f1-score   support

         0.0       0.95      0.96      0.96      5560
         1.0       0.95      0.90      0.93      6655
         2.0       0.94      0.95      0.94      5888
         3.0       0.91      0.94      0.93      5819
         4.0       0.94      0.92      0.93      5722
         5.0       0.98      0.91      0.94      5539
         6.0       0.94      0.93      0.94      5858
         7.0       0.87      0.97      0.92      6097
         8.0       0.93      0.86      0.89      5695
         9.0       0.88      0.94      0.90      5813

    accuracy                           0.93     58646
   macro avg       0.93      0.93      0.93     58646
weighted avg       0.93      0.93      0.93     58646

Confusion Matrix:
[[5346   13   11   16   28    0   46   23   75    2]
 [   0 6017  178   64   10   26   39  256   40   25]
 [  20   38 5605   14    1    0   16  173   21    0]
 [   1   13   27 5463    1   15    0  262   21   16]
 [  23   52   29    0 5247    0   83    6   15  267]
 [   8   11    4  299    5 5042   57   16   52   45]
 [  84   50   32   11   85   35 5433    0  125    3]
 [   0   59   47    6   58    1    0 5887   15   24]
 [  86   54   38    3   56   31   63   59 4918  387]
 [  36   35    9   96   71    5   17   87   20 5437]]
==================================================

Training with 17000 samples...Accuracy: 0.9271
Classification Report LDA :
              precision    recall  f1-score   support

         0.0       0.95      0.96      0.96      5560
         1.0       0.95      0.90      0.93      6655
         2.0       0.94      0.95      0.94      5888
         3.0       0.91      0.94      0.93      5819
         4.0       0.94      0.92      0.93      5722
         5.0       0.98      0.91      0.94      5539
         6.0       0.94      0.93      0.94      5858
         7.0       0.87      0.97      0.91      6097
         8.0       0.93      0.86      0.89      5695
         9.0       0.88      0.94      0.91      5813

    accuracy                           0.93     58646
   macro avg       0.93      0.93      0.93     58646
weighted avg       0.93      0.93      0.93     58646

Confusion Matrix:
[[5336   13   12   18   29    0   52   20   79    1]
 [   0 6021  181   63    9   26   39  253   39   24]
 [  20   38 5603   14    1    0   18  173   21    0]
 [   1   13   26 5459    1   15    0  266   23   15]
 [  22   56   30    0 5241    0   83    6   17  267]
 [   8   11    5  314    5 5021   58   16   54   47]
 [  80   48   33   11   84   34 5442    0  124    2]
 [   0   60   48    5   57    1    0 5885   16   25]
 [  85   56   38    3   52   25   65   61 4926  384]
 [  36   35    8   97   70    3   17   88   22 5437]]
==================================================

Training with 18000 samples...Accuracy: 0.9268
Classification Report LDA :
              precision    recall  f1-score   support

         0.0       0.96      0.96      0.96      5560
         1.0       0.95      0.90      0.92      6655
         2.0       0.93      0.95      0.94      5888
         3.0       0.91      0.94      0.93      5819
         4.0       0.94      0.92      0.93      5722
         5.0       0.98      0.91      0.94      5539
         6.0       0.94      0.93      0.94      5858
         7.0       0.87      0.97      0.91      6097
         8.0       0.93      0.86      0.89      5695
         9.0       0.88      0.94      0.91      5813

    accuracy                           0.93     58646
   macro avg       0.93      0.93      0.93     58646
weighted avg       0.93      0.93      0.93     58646

Confusion Matrix:
[[5339   13   12   17   28    0   53   20   77    1]
 [   0 6003  196   62   10   23   38  260   38   25]
 [  19   41 5600   14    1    0   17  174   22    0]
 [   1   13   27 5458    1   15    0  267   22   15]
 [  22   55   31    0 5239    0   83    6   17  269]
 [   8   11    5  313    5 5023   58   20   52   44]
 [  77   48   32    9   79   33 5454    0  124    2]
 [   0   59   48    5   58    1    0 5888   16   22]
 [  84   57   38    3   53   27   68   63 4912  390]
 [  36   34    8   96   70    3   18   88   20 5440]]
==================================================

Training with 19000 samples...Accuracy: 0.9274
Classification Report LDA :
              precision    recall  f1-score   support

         0.0       0.95      0.96      0.96      5560
         1.0       0.95      0.90      0.93      6655
         2.0       0.94      0.95      0.94      5888
         3.0       0.91      0.94      0.93      5819
         4.0       0.95      0.92      0.93      5722
         5.0       0.98      0.91      0.94      5539
         6.0       0.94      0.93      0.94      5858
         7.0       0.87      0.97      0.92      6097
         8.0       0.93      0.86      0.89      5695
         9.0       0.88      0.94      0.91      5813

    accuracy                           0.93     58646
   macro avg       0.93      0.93      0.93     58646
weighted avg       0.93      0.93      0.93     58646

Confusion Matrix:
[[5342   11   13   18   28    0   53   18   75    2]
 [   0 6021  191   62    9   26   37  248   36   25]
 [  19   40 5600   14    1    0   16  176   22    0]
 [   1   13   27 5467    1   15    0  258   22   15]
 [  22   58   30    0 5241    0   85    6   16  264]
 [   8   11    5  302    5 5031   58   19   57   43]
 [  82   48   31    9   79   34 5441    0  132    2]
 [   0   61   45    7   58    1    0 5885   17   23]
 [  84   55   38    3   52   25   67   62 4924  385]
 [  36   34    9   93   72    6   18   88   19 5438]]
==================================================

Training with 20000 samples...Accuracy: 0.9275
Classification Report LDA :
              precision    recall  f1-score   support

         0.0       0.95      0.96      0.96      5560
         1.0       0.95      0.90      0.93      6655
         2.0       0.93      0.95      0.94      5888
         3.0       0.91      0.94      0.93      5819
         4.0       0.94      0.92      0.93      5722
         5.0       0.98      0.91      0.94      5539
         6.0       0.94      0.93      0.94      5858
         7.0       0.87      0.97      0.92      6097
         8.0       0.93      0.87      0.89      5695
         9.0       0.88      0.93      0.91      5813

    accuracy                           0.93     58646
   macro avg       0.93      0.93      0.93     58646
weighted avg       0.93      0.93      0.93     58646

Confusion Matrix:
[[5339   11   13   17   28    0   53   18   79    2]
 [   0 6016  194   64   10   26   37  245   39   24]
 [  19   41 5601   12    1    0   16  175   23    0]
 [   1   13   26 5469    1   15    0  257   22   15]
 [  22   58   31    0 5246    0   82    6   17  260]
 [   9   11    4  311    5 5023   55   20   56   45]
 [  82   49   32   11   78   33 5446    0  125    2]
 [   0   59   44    7   59    1    0 5890   17   20]
 [  83   55   37    3   52   24   65   62 4927  387]
 [  36   34    9   95   74    4   17   88   21 5435]]
==================================================
Training time: 5.4657 seconds 
Média training time: 0.2733 secondsTraining time: 0.0294 seconds 
Training time: 0.0243 seconds 
