
Training with 1000 samples...Accuracy: 0.7666
Classification Report DecisionTreeParameters :
              precision    recall  f1-score   support

         0.0       0.91      0.85      0.88      5560
         1.0       0.82      0.70      0.75      6655
         2.0       0.83      0.66      0.74      5888
         3.0       0.70      0.81      0.75      5819
         4.0       0.82      0.87      0.85      5722
         5.0       0.77      0.80      0.79      5539
         6.0       0.90      0.79      0.84      5858
         7.0       0.70      0.71      0.70      6097
         8.0       0.78      0.66      0.72      5695
         9.0       0.58      0.84      0.68      5813

    accuracy                           0.77     58646
   macro avg       0.78      0.77      0.77     58646
weighted avg       0.78      0.77      0.77     58646

Confusion Matrix:
[[4699  196   35   10  183   42   12   68  244   71]
 [   6 4655  119   76   72   96  157  114   82 1278]
 [   9  129 3898  540   27  163   13  907  137   65]
 [   0   60  102 4728   23  286    5  361   58  196]
 [  30  134    2    6 4991    7  110   17   23  402]
 [   7   48   19  611   26 4452  145   37   40  154]
 [ 203  190  111    6  279  348 4603   46   28   44]
 [   0  152  328  587   90  184    0 4308    9  439]
 [  91  101   69   87  237  157   37  255 3761  900]
 [ 116   28   10   86  144   60   60   26  419 4864]]
==================================================

Training with 2000 samples...Accuracy: 0.8055
Classification Report DecisionTreeParameters :
              precision    recall  f1-score   support

         0.0       0.85      0.88      0.87      5560
         1.0       0.92      0.91      0.91      6655
         2.0       0.70      0.78      0.73      5888
         3.0       0.73      0.78      0.75      5819
         4.0       0.91      0.73      0.81      5722
         5.0       0.77      0.78      0.78      5539
         6.0       0.92      0.78      0.85      5858
         7.0       0.80      0.84      0.82      6097
         8.0       0.77      0.73      0.75      5695
         9.0       0.73      0.83      0.78      5813

    accuracy                           0.81     58646
   macro avg       0.81      0.80      0.80     58646
weighted avg       0.81      0.81      0.81     58646

Confusion Matrix:
[[4907   10   65   67  119   74   23   19  245   31]
 [  11 6025  204   71   36   45   10  180   15   58]
 [  97   60 4578  355   25  135   15  463  153    7]
 [  11   23  435 4544   25  534    6   79   84   78]
 [  79   86  386   18 4203   34  104  133   27  652]
 [   6   58  188  566   44 4328   81   76  107   85]
 [ 339  194  231   22   44  205 4585   14   98  126]
 [   0   17  133  566   12  136    2 5125   12   94]
 [ 210   70  283   15   24   81   88  161 4142  621]
 [ 108    7   73   40   80   20   62  134  488 4801]]
==================================================

Training with 3000 samples...Accuracy: 0.8354
Classification Report DecisionTreeParameters :
              precision    recall  f1-score   support

         0.0       0.89      0.87      0.88      5560
         1.0       0.94      0.87      0.90      6655
         2.0       0.80      0.80      0.80      5888
         3.0       0.82      0.86      0.84      5819
         4.0       0.82      0.80      0.81      5722
         5.0       0.78      0.83      0.80      5539
         6.0       0.88      0.83      0.85      5858
         7.0       0.82      0.86      0.84      6097
         8.0       0.83      0.80      0.82      5695
         9.0       0.79      0.84      0.81      5813

    accuracy                           0.84     58646
   macro avg       0.84      0.83      0.83     58646
weighted avg       0.84      0.84      0.84     58646

Confusion Matrix:
[[4858    4  124   75  129   53   25   16  218   58]
 [   3 5767  136   43  124  291   71  174   20   26]
 [  52  131 4720  301   61  100  187  221  104   11]
 [   9   36  148 5024   86  187   18  230   70   11]
 [  28   24   94    4 4559   70  116  146   14  667]
 [   4   46   63  351   46 4586  102  136  102  103]
 [ 238   34  124    4   32  259 4837   25  164  141]
 [   0   35  298  197   44  231    5 5233    5   49]
 [ 161   26  171   94  118   82   98  153 4537  255]
 [ 103   10   58   42  350   36   69   72  203 4870]]
==================================================

Training with 4000 samples...Accuracy: 0.8415
Classification Report DecisionTreeParameters :
              precision    recall  f1-score   support

         0.0       0.84      0.91      0.88      5560
         1.0       0.93      0.86      0.89      6655
         2.0       0.77      0.83      0.80      5888
         3.0       0.77      0.89      0.82      5819
         4.0       0.84      0.80      0.82      5722
         5.0       0.89      0.80      0.84      5539
         6.0       0.93      0.85      0.89      5858
         7.0       0.85      0.83      0.84      6097
         8.0       0.84      0.77      0.81      5695
         9.0       0.79      0.87      0.83      5813

    accuracy                           0.84     58646
   macro avg       0.84      0.84      0.84     58646
weighted avg       0.85      0.84      0.84     58646

Confusion Matrix:
[[5077    6   60   12  103    1   81   22  139   59]
 [   2 5718  148  116  437   28   13  133   50   10]
 [ 110   29 4890  258   17   21   15  346  181   21]
 [  50   27  169 5170   12  139    0  167   46   39]
 [  39  169   71   25 4553   76   81   83   49  576]
 [  33   19   83  626   37 4440   73   32   60  136]
 [ 252   57  106  110   78   88 4970    1   69  127]
 [   1   59  546  320   14   32    0 5073   16   36]
 [ 309   17  277   28   66   57  103   65 4407  366]
 [ 143   28   23   69  109   93   10   76  207 5055]]
==================================================

Training with 5000 samples...Accuracy: 0.8508
Classification Report DecisionTreeParameters :
              precision    recall  f1-score   support

         0.0       0.90      0.93      0.91      5560
         1.0       0.94      0.87      0.90      6655
         2.0       0.80      0.87      0.83      5888
         3.0       0.79      0.90      0.84      5819
         4.0       0.77      0.79      0.78      5722
         5.0       0.85      0.81      0.83      5539
         6.0       0.93      0.84      0.88      5858
         7.0       0.87      0.83      0.85      6097
         8.0       0.87      0.80      0.83      5695
         9.0       0.80      0.88      0.84      5813

    accuracy                           0.85     58646
   macro avg       0.85      0.85      0.85     58646
weighted avg       0.85      0.85      0.85     58646

Confusion Matrix:
[[5148    7   53   12   14   14   81   22  162   47]
 [   3 5762  112   80  460   30   22  123   27   36]
 [  85   29 5123  216   30   41   37  232   83   12]
 [  20   18  139 5213   64  195    7   81   34   48]
 [  71   18  169   11 4503   81   82  147   33  607]
 [  18   72   88  528  107 4503   66   21   57   79]
 [ 144  136  108  102   77  108 4950    6   95  132]
 [   0   37  268  349  180  147    0 5053   18   45]
 [ 125   19  336   21  219   63   74   69 4535  234]
 [  95   24   15   53  190   86   10   85  151 5104]]
==================================================

Training with 6000 samples...Accuracy: 0.8597
Classification Report DecisionTreeParameters :
              precision    recall  f1-score   support

         0.0       0.88      0.92      0.90      5560
         1.0       0.95      0.90      0.92      6655
         2.0       0.79      0.87      0.83      5888
         3.0       0.79      0.90      0.84      5819
         4.0       0.86      0.80      0.83      5722
         5.0       0.90      0.80      0.85      5539
         6.0       0.85      0.87      0.86      5858
         7.0       0.88      0.86      0.87      6097
         8.0       0.85      0.80      0.83      5695
         9.0       0.86      0.86      0.86      5813

    accuracy                           0.86     58646
   macro avg       0.86      0.86      0.86     58646
weighted avg       0.86      0.86      0.86     58646

Confusion Matrix:
[[5138    7   54   12  100   15   53   18  131   32]
 [  21 5990  160   77  169   37   40  117   29   15]
 [  85   44 5150  188   21   28   25  244   93   10]
 [  21    9  186 5240   39  161    1   84   37   41]
 [  89   66  163   11 4559   23  423  103   46  239]
 [  18   30   81  580   37 4436  123   38   78  118]
 [ 200   69  169   98   54   65 5094    0  100    9]
 [   1   50  139  339   61  123    1 5244    9  130]
 [ 190   30  361   17   63   30  141   67 4571  225]
 [  95   19   17   67  170   18   96   59  274 4998]]
==================================================

Training with 7000 samples...Accuracy: 0.8358
Classification Report DecisionTreeParameters :
              precision    recall  f1-score   support

         0.0       0.86      0.92      0.89      5560
         1.0       0.95      0.88      0.91      6655
         2.0       0.79      0.82      0.80      5888
         3.0       0.74      0.85      0.79      5819
         4.0       0.87      0.79      0.83      5722
         5.0       0.95      0.78      0.86      5539
         6.0       0.79      0.89      0.84      5858
         7.0       0.80      0.80      0.80      6097
         8.0       0.79      0.81      0.80      5695
         9.0       0.86      0.81      0.83      5813

    accuracy                           0.84     58646
   macro avg       0.84      0.84      0.84     58646
weighted avg       0.84      0.84      0.84     58646

Confusion Matrix:
[[5130    9   39   34   30    0   47   46  211   14]
 [   7 5840  249   98   89   22  122   89  113   26]
 [  66   72 4808  217   26   17  141  350  105   86]
 [  22   10  224 4941   19  126   61  307   40   69]
 [ 160   10  138   52 4545   15  402  137   72  191]
 [  15   32   55  593   21 4333  217   31  136  106]
 [ 257   32   20   90   50   16 5214   27  139   13]
 [   2   84  288  426  198   19   12 4896   30  142]
 [ 156   46  235  114   58   10  255   76 4615  130]
 [ 147   12   34  129  178    9   89  156  366 4693]]
==================================================

Training with 8000 samples...Accuracy: 0.8487
Classification Report DecisionTreeParameters :
              precision    recall  f1-score   support

         0.0       0.91      0.92      0.91      5560
         1.0       0.96      0.87      0.91      6655
         2.0       0.79      0.85      0.82      5888
         3.0       0.80      0.87      0.83      5819
         4.0       0.79      0.83      0.81      5722
         5.0       0.85      0.86      0.86      5539
         6.0       0.82      0.93      0.87      5858
         7.0       0.89      0.77      0.83      6097
         8.0       0.83      0.78      0.80      5695
         9.0       0.86      0.82      0.84      5813

    accuracy                           0.85     58646
   macro avg       0.85      0.85      0.85     58646
weighted avg       0.85      0.85      0.85     58646

Confusion Matrix:
[[5095    3   39   45   57   12  104   29  141   35]
 [  10 5805  236   78  140   47  138  103   69   29]
 [  44   42 4988  214  158   79  110  139  102   12]
 [   9    8  136 5047  148  263   43   50   27   88]
 [ 102    4  147   15 4733   26  387  124   49  135]
 [   8   16   70  284   64 4774  174   10   44   95]
 [  87   27   18   36   56   73 5427    1  126    7]
 [   1   83  393  450  259   44   22 4718   37   90]
 [ 181   41  235   43   98  231  125   51 4423  267]
 [  86    6   62   76  313   47   72   87  299 4765]]
==================================================

Training with 9000 samples...Accuracy: 0.8486
Classification Report DecisionTreeParameters :
              precision    recall  f1-score   support

         0.0       0.85      0.91      0.88      5560
         1.0       0.95      0.88      0.91      6655
         2.0       0.77      0.82      0.80      5888
         3.0       0.85      0.87      0.86      5819
         4.0       0.84      0.79      0.82      5722
         5.0       0.91      0.84      0.87      5539
         6.0       0.83      0.91      0.87      5858
         7.0       0.85      0.83      0.84      6097
         8.0       0.88      0.77      0.82      5695
         9.0       0.77      0.86      0.81      5813

    accuracy                           0.85     58646
   macro avg       0.85      0.85      0.85     58646
weighted avg       0.85      0.85      0.85     58646

Confusion Matrix:
[[5082    5   68    9   43    5   52   22  113  161]
 [  18 5850  243   85   98   37  129   78   70   47]
 [ 105   42 4834  189   47   37  153  244   96  141]
 [  88   18  165 5053   27  170   29  128   22  119]
 [ 133   20  273    3 4540   20  219  227   30  257]
 [  36   15   31  362   38 4637  236   33   74   77]
 [ 123   40   62   10  198   39 5304    0   80    2]
 [  23  123  298  133  108    8    4 5076    6  318]
 [ 249   50  190   67   74  113  144   56 4388  364]
 [ 131   18   82   39  218   22   94   96  111 5002]]
==================================================

Training with 10000 samples...Accuracy: 0.8609
Classification Report DecisionTreeParameters :
              precision    recall  f1-score   support

         0.0       0.89      0.94      0.91      5560
         1.0       0.94      0.88      0.91      6655
         2.0       0.81      0.84      0.82      5888
         3.0       0.82      0.88      0.84      5819
         4.0       0.83      0.86      0.84      5722
         5.0       0.92      0.85      0.88      5539
         6.0       0.86      0.91      0.89      5858
         7.0       0.84      0.83      0.83      6097
         8.0       0.85      0.79      0.82      5695
         9.0       0.87      0.83      0.85      5813

    accuracy                           0.86     58646
   macro avg       0.86      0.86      0.86     58646
weighted avg       0.86      0.86      0.86     58646

Confusion Matrix:
[[5202    4   26   35   47    5   47   40  110   44]
 [   4 5846  202   67  130   28  116   98  148   16]
 [  37  130 4955  127   58   17   89  336  116   23]
 [  27   17  198 5095    7  184   83   94   14  100]
 [ 142   20   89   27 4933    8  113  145   66  179]
 [  17   17   38  372   72 4707  192   34   47   43]
 [ 124   32   22   78  113   46 5324    2  104   13]
 [   1   96  368  296  155    5   10 5058   14   94]
 [ 238   30  216   45  102   87  122  104 4517  234]
 [  70   12   21  106  340   39   66  144  165 4850]]
==================================================

Training with 11000 samples...Accuracy: 0.8611
Classification Report DecisionTreeParameters :
              precision    recall  f1-score   support

         0.0       0.88      0.93      0.90      5560
         1.0       0.96      0.83      0.89      6655
         2.0       0.80      0.86      0.83      5888
         3.0       0.82      0.87      0.85      5819
         4.0       0.85      0.87      0.86      5722
         5.0       0.82      0.85      0.84      5539
         6.0       0.88      0.89      0.88      5858
         7.0       0.89      0.87      0.88      6097
         8.0       0.85      0.82      0.84      5695
         9.0       0.87      0.82      0.84      5813

    accuracy                           0.86     58646
   macro avg       0.86      0.86      0.86     58646
weighted avg       0.86      0.86      0.86     58646

Confusion Matrix:
[[5163    3   47   14   50    6   79   15  128   55]
 [  89 5494  273   91   80  336   55  106   52   79]
 [ 101   30 5083  195   11   87  105  137  100   39]
 [  23   32  129 5076   11  312    6  157   34   39]
 [  72   20  124   12 4979   56  134   46  115  164]
 [  10   30   73  314   89 4708  162   43   43   67]
 [ 176   28   95   38  148   58 5221    2   90    2]
 [   1   41  222  314   33   43    0 5324    7  112]
 [ 175   20  288   31   97   57  116   71 4691  149]
 [  64   18   19   85  380   58   66   98  261 4764]]
==================================================

Training with 12000 samples...Accuracy: 0.8640
Classification Report DecisionTreeParameters :
              precision    recall  f1-score   support

         0.0       0.89      0.93      0.91      5560
         1.0       0.95      0.83      0.88      6655
         2.0       0.82      0.90      0.86      5888
         3.0       0.85      0.88      0.87      5819
         4.0       0.86      0.84      0.85      5722
         5.0       0.84      0.84      0.84      5539
         6.0       0.85      0.92      0.88      5858
         7.0       0.87      0.89      0.88      6097
         8.0       0.84      0.78      0.81      5695
         9.0       0.87      0.84      0.86      5813

    accuracy                           0.86     58646
   macro avg       0.86      0.86      0.86     58646
weighted avg       0.87      0.86      0.86     58646

Confusion Matrix:
[[5182    1   56    9   28    1   88   23  111   61]
 [  91 5494  270   79  173  293   38  156   37   24]
 [  23   43 5295  220   19   27   38  155   62    6]
 [  22   62  148 5121   25  237    2  139   32   31]
 [  61   24  100    8 4814   63  363   75   81  133]
 [  14   45   57  285  110 4629  194   57   92   56]
 [ 200   23   43   16   46   61 5377   22   67    3]
 [   1   58  230  179   45   50    0 5444   31   59]
 [ 157   41  236   57  105  103  163   58 4447  328]
 [  39   17   50   22  242   32   95   96  354 4866]]
==================================================

Training with 13000 samples...Accuracy: 0.8730
Classification Report DecisionTreeParameters :
              precision    recall  f1-score   support

         0.0       0.90      0.94      0.92      5560
         1.0       0.95      0.88      0.91      6655
         2.0       0.80      0.91      0.85      5888
         3.0       0.86      0.89      0.87      5819
         4.0       0.89      0.81      0.85      5722
         5.0       0.89      0.84      0.87      5539
         6.0       0.81      0.93      0.87      5858
         7.0       0.90      0.87      0.89      6097
         8.0       0.84      0.84      0.84      5695
         9.0       0.89      0.84      0.86      5813

    accuracy                           0.87     58646
   macro avg       0.87      0.87      0.87     58646
weighted avg       0.88      0.87      0.87     58646

Confusion Matrix:
[[5205    2   73   16   14    3  111   24  102   10]
 [  16 5843  192   90  126  100   81  107   55   45]
 [  60   42 5330  177   19   25   31  105   94    5]
 [  23   53  158 5158   19  248    2   99   32   27]
 [  64   30   52   12 4607   18  559   72  103  205]
 [  14   22   63  286   80 4672  203   21   74  104]
 [ 139   49   59   17   38   46 5422   21   65    2]
 [   4   77  341  197   26   57    2 5321   12   60]
 [ 166   31  285   16   65   22  117   46 4776  171]
 [  61   12   98   19  155   34  147   78  344 4865]]
==================================================

Training with 14000 samples...Accuracy: 0.8691
Classification Report DecisionTreeParameters :
              precision    recall  f1-score   support

         0.0       0.88      0.94      0.91      5560
         1.0       0.93      0.88      0.90      6655
         2.0       0.82      0.91      0.86      5888
         3.0       0.83      0.88      0.85      5819
         4.0       0.86      0.86      0.86      5722
         5.0       0.87      0.85      0.86      5539
         6.0       0.88      0.90      0.89      5858
         7.0       0.89      0.84      0.87      6097
         8.0       0.86      0.79      0.82      5695
         9.0       0.87      0.84      0.86      5813

    accuracy                           0.87     58646
   macro avg       0.87      0.87      0.87     58646
weighted avg       0.87      0.87      0.87     58646

Confusion Matrix:
[[5201    2   83   12   35   10   55   13  135   14]
 [  13 5836  189   95  129  103   52  136   58   44]
 [  26   44 5357  222   24   39   27   75   46   28]
 [  25   42  138 5133   12  283    5  133   20   28]
 [  66  111   58   25 4896    8  193   91  124  150]
 [  10   27   62  311   96 4717  158   29   41   88]
 [ 192   28   29   36  107   54 5294    0  116    2]
 [   2  144  340  235   41   48    2 5149   14  122]
 [ 268   39  253   49   85   99  142   33 4498  229]
 [ 128    9   21   73  266   49   76  111  192 4888]]
==================================================

Training with 15000 samples...Accuracy: 0.8681
Classification Report DecisionTreeParameters :
              precision    recall  f1-score   support

         0.0       0.88      0.92      0.90      5560
         1.0       0.94      0.87      0.91      6655
         2.0       0.83      0.91      0.87      5888
         3.0       0.80      0.89      0.85      5819
         4.0       0.86      0.87      0.86      5722
         5.0       0.90      0.86      0.88      5539
         6.0       0.87      0.89      0.88      5858
         7.0       0.91      0.85      0.88      6097
         8.0       0.81      0.78      0.80      5695
         9.0       0.87      0.83      0.85      5813

    accuracy                           0.87     58646
   macro avg       0.87      0.87      0.87     58646
weighted avg       0.87      0.87      0.87     58646

Confusion Matrix:
[[5129    4   82    9   45    3   49   14  212   13]
 [  28 5823  149  130  136   83   55  153   58   40]
 [  49   38 5359  228   24   20   23   87   53    7]
 [  15   16  115 5207   10  260    9   80   58   49]
 [  25   61   51   33 4957    6  228   80  163  118]
 [  23   17   66  309   83 4737  141   25   49   89]
 [ 192   20   80   99   51   29 5240    6  139    2]
 [   2  142  249  313   53   28    2 5179   11  118]
 [ 231   36  272   59   98   57  183   18 4466  275]
 [ 123    8   19   93  304   46   67   69  272 4812]]
==================================================

Training with 16000 samples...Accuracy: 0.8712
Classification Report DecisionTreeParameters :
              precision    recall  f1-score   support

         0.0       0.88      0.93      0.91      5560
         1.0       0.94      0.89      0.91      6655
         2.0       0.85      0.90      0.87      5888
         3.0       0.83      0.89      0.86      5819
         4.0       0.85      0.84      0.85      5722
         5.0       0.88      0.85      0.87      5539
         6.0       0.87      0.89      0.88      5858
         7.0       0.90      0.85      0.88      6097
         8.0       0.83      0.83      0.83      5695
         9.0       0.88      0.84      0.86      5813

    accuracy                           0.87     58646
   macro avg       0.87      0.87      0.87     58646
weighted avg       0.87      0.87      0.87     58646

Confusion Matrix:
[[5193    4   99    8   70    5   26    7  136   12]
 [  27 5919  131   80  139   83   64   91   79   42]
 [  53   92 5279  229   33   19   29   71   76    7]
 [  20   27  155 5193   17  212    4   76   51   64]
 [  49   65   35   21 4822   16  291   97  144  182]
 [  18   23   45  245   80 4725  138   51   75  139]
 [ 200   24   79   52   86   99 5200    3  106    9]
 [   5   98  187  319  126   71    2 5196   22   71]
 [ 228   23  183   50   93   75  131   70 4705  137]
 [ 111   12   48   83  218   64   66   86  265 4860]]
==================================================

Training with 17000 samples...Accuracy: 0.8723
Classification Report DecisionTreeParameters :
              precision    recall  f1-score   support

         0.0       0.86      0.93      0.89      5560
         1.0       0.94      0.87      0.91      6655
         2.0       0.86      0.90      0.88      5888
         3.0       0.83      0.88      0.85      5819
         4.0       0.85      0.86      0.85      5722
         5.0       0.89      0.85      0.87      5539
         6.0       0.87      0.89      0.88      5858
         7.0       0.90      0.89      0.90      6097
         8.0       0.85      0.80      0.83      5695
         9.0       0.87      0.84      0.86      5813

    accuracy                           0.87     58646
   macro avg       0.87      0.87      0.87     58646
weighted avg       0.87      0.87      0.87     58646

Confusion Matrix:
[[5146    5   78   15  100    3   51   11  134   17]
 [  17 5808  142   69  214   84  108  126   46   41]
 [  31   48 5296  256   20   20   28   82  102    5]
 [  59   16   99 5140   12  264   18  121   14   76]
 [  50   77   31   22 4934   10  230   68  145  155]
 [  64   13   66  296   81 4688  158   28   42  103]
 [ 228   21   63   58   78   65 5238    6  100    1]
 [   2  134  140  205   37   33    2 5433    8  103]
 [ 254   19  189   98   80   85  134   51 4566  219]
 [ 140   19   39   55  268   35   70   82  197 4908]]
==================================================

Training with 18000 samples...Accuracy: 0.8666
Classification Report DecisionTreeParameters :
              precision    recall  f1-score   support

         0.0       0.89      0.92      0.90      5560
         1.0       0.89      0.88      0.89      6655
         2.0       0.84      0.87      0.85      5888
         3.0       0.86      0.86      0.86      5819
         4.0       0.84      0.84      0.84      5722
         5.0       0.89      0.86      0.88      5539
         6.0       0.88      0.91      0.89      5858
         7.0       0.89      0.87      0.88      6097
         8.0       0.84      0.80      0.82      5695
         9.0       0.84      0.85      0.85      5813

    accuracy                           0.87     58646
   macro avg       0.87      0.87      0.87     58646
weighted avg       0.87      0.87      0.87     58646

Confusion Matrix:
[[5140   16   38   16   95    5   68    8  142   32]
 [  17 5834  157   57  245   96   57   88   48   56]
 [  47  234 5119  203   35   15   58   96   69   12]
 [  49   80  146 5022   20  184    5  206   21   86]
 [  84   70   58   23 4824   14  192   87  151  219]
 [  59   29   84  161   71 4782  151   31   40  131]
 [  91   29  154   15   46   74 5306    0   97   46]
 [   3  182  127  220  118   17    2 5277   48  103]
 [ 211   33  193   47   81  112  126   63 4567  262]
 [ 105   20   28   46  236   51   67   74  235 4951]]
==================================================

Training with 19000 samples...Accuracy: 0.8665
Classification Report DecisionTreeParameters :
              precision    recall  f1-score   support

         0.0       0.88      0.92      0.90      5560
         1.0       0.93      0.85      0.89      6655
         2.0       0.82      0.85      0.83      5888
         3.0       0.83      0.90      0.86      5819
         4.0       0.87      0.86      0.87      5722
         5.0       0.85      0.85      0.85      5539
         6.0       0.88      0.91      0.90      5858
         7.0       0.91      0.86      0.88      6097
         8.0       0.87      0.81      0.84      5695
         9.0       0.83      0.85      0.84      5813

    accuracy                           0.87     58646
   macro avg       0.87      0.87      0.87     58646
weighted avg       0.87      0.87      0.87     58646

Confusion Matrix:
[[5129   10   40   12   59    3   84    8  138   77]
 [  35 5641  232   74  103  369   64   69   39   29]
 [ 178   82 5013  250   21   26   87  162   55   14]
 [  21   49  185 5232    9  160    2   75   21   65]
 [  64   45   57   34 4920   50  180   65   66  241]
 [  16   51  120  218   81 4717  129   27   47  133]
 [  83   29  114   15   29   71 5351    0  115   51]
 [  15   94  137  352   77    7    1 5244   10  160]
 [ 213   18  201   58   93  106  104   57 4616  229]
 [  99   26   32   92  258   45   67   50  190 4954]]
==================================================

Training with 20000 samples...Accuracy: 0.8686
Classification Report DecisionTreeParameters :
              precision    recall  f1-score   support

         0.0       0.86      0.94      0.90      5560
         1.0       0.94      0.85      0.90      6655
         2.0       0.82      0.88      0.85      5888
         3.0       0.83      0.89      0.86      5819
         4.0       0.87      0.85      0.86      5722
         5.0       0.88      0.86      0.87      5539
         6.0       0.87      0.90      0.88      5858
         7.0       0.88      0.84      0.86      6097
         8.0       0.88      0.83      0.85      5695
         9.0       0.87      0.84      0.86      5813

    accuracy                           0.87     58646
   macro avg       0.87      0.87      0.87     58646
weighted avg       0.87      0.87      0.87     58646

Confusion Matrix:
[[5214    4   43   10   50   11   87   12  102   27]
 [  66 5677  152   76  239  208   34  125   47   31]
 [  44  109 5189  173   18   17  138  122   67   11]
 [  22   41  157 5193   18  166    5  128   25   64]
 [ 122   20   87   28 4853   21  280  105   56  150]
 [  16   20   69  254   82 4791  119   36   45  107]
 [ 218   21   99   28   27  122 5260    1   79    3]
 [   4   70  295  320   61   14   10 5145    5  173]
 [ 235   29  234   86   65   58   74   56 4707  151]
 [ 149   18   30   98  181   27   48  132  221 4909]]
Training time: 19.0414 seconds 
Média training time: 0.9521 seconds