
Training with 1000 samples...Accuracy: 0.8018
Classification Report GaussianNB :
              precision    recall  f1-score   support

         0.0       0.92      0.83      0.87      5560
         1.0       0.99      0.61      0.75      6655
         2.0       0.63      0.94      0.76      5888
         3.0       0.85      0.87      0.86      5819
         4.0       0.85      0.74      0.79      5722
         5.0       0.87      0.81      0.84      5539
         6.0       0.92      0.77      0.84      5858
         7.0       0.87      0.79      0.83      6097
         8.0       0.63      0.86      0.72      5695
         9.0       0.76      0.83      0.79      5813

    accuracy                           0.80     58646
   macro avg       0.83      0.80      0.80     58646
weighted avg       0.83      0.80      0.80     58646

Confusion Matrix:
[[4601    1   70   11    7   63   48    0  753    6]
 [   7 4028 1319  138  146   29  197  445  168  178]
 [   5    6 5546  135    7   37   48   12   83    9]
 [   3    0  415 5059   49   33    0  103  113   44]
 [  24    1  247   10 4242   16   70   19  456  637]
 [   3    7   46   92  125 4514   15    2  362  373]
 [ 187    6  194    2    5  419 4527    0  479   39]
 [   1    8  441  382   41    1    0 4815  223  185]
 [ 181    2  333   60   70   49   21   13 4893   73]
 [   9    2  135   78  308   49    1  146  289 4796]]
==================================================

Training with 2000 samples...Accuracy: 0.8473
Classification Report GaussianNB :
              precision    recall  f1-score   support

         0.0       0.93      0.90      0.91      5560
         1.0       0.98      0.72      0.83      6655
         2.0       0.74      0.90      0.81      5888
         3.0       0.78      0.89      0.83      5819
         4.0       0.88      0.90      0.89      5722
         5.0       0.91      0.80      0.85      5539
         6.0       0.93      0.84      0.88      5858
         7.0       0.89      0.84      0.86      6097
         8.0       0.71      0.88      0.79      5695
         9.0       0.85      0.83      0.84      5813

    accuracy                           0.85     58646
   macro avg       0.86      0.85      0.85     58646
weighted avg       0.86      0.85      0.85     58646

Confusion Matrix:
[[5010    1   17   42   25   26   60    1  374    4]
 [   5 4760  838  155  111   26  166  336  132  126]
 [  11   40 5271  339   15   42   49   39   60   22]
 [   8    2  299 5178   14   60    0  150   56   52]
 [  26    1   40   15 5175    2   46   21  128  268]
 [   6    6   39  103   72 4409   20    4  616  264]
 [ 126    6   95    5   97  269 4894    0  366    0]
 [   2   43  401  379   27    4    0 5106   74   61]
 [ 178    2   61  257   35   16   30   15 5034   67]
 [  29    3   50  201  298   11    4   81  285 4851]]
==================================================

Training with 3000 samples...Accuracy: 0.8607
Classification Report GaussianNB :
              precision    recall  f1-score   support

         0.0       0.93      0.92      0.92      5560
         1.0       0.97      0.70      0.81      6655
         2.0       0.71      0.90      0.79      5888
         3.0       0.77      0.91      0.84      5819
         4.0       0.90      0.91      0.90      5722
         5.0       0.92      0.89      0.90      5539
         6.0       0.95      0.86      0.90      5858
         7.0       0.90      0.82      0.86      6097
         8.0       0.79      0.88      0.83      5695
         9.0       0.88      0.85      0.86      5813

    accuracy                           0.86     58646
   macro avg       0.87      0.86      0.86     58646
weighted avg       0.87      0.86      0.86     58646

Confusion Matrix:
[[5108    1   12   49   15   52   46    1  273    3]
 [   3 4671 1077  140  147   23  108  273  167   46]
 [   9   44 5271  431   15   40    3   22   32   21]
 [   3    3  199 5297    4  105    0  135   16   57]
 [  36    1   67   10 5181    3   37   42  124  221]
 [   3    8   20  103   26 4946   29    1  207  196]
 [ 105    6  221    5   53  159 5038    0  271    0]
 [   0   77  419  373   21   25    1 5016   60  105]
 [ 206    3   49  280   30   30   33   20 4995   49]
 [  39    4   38  178  270   18    5   93  213 4955]]
==================================================

Training with 4000 samples...Accuracy: 0.8650
Classification Report GaussianNB :
              precision    recall  f1-score   support

         0.0       0.94      0.92      0.93      5560
         1.0       0.97      0.73      0.83      6655
         2.0       0.74      0.88      0.80      5888
         3.0       0.77      0.91      0.84      5819
         4.0       0.89      0.90      0.90      5722
         5.0       0.96      0.88      0.92      5539
         6.0       0.95      0.88      0.91      5858
         7.0       0.88      0.84      0.86      6097
         8.0       0.76      0.89      0.82      5695
         9.0       0.89      0.85      0.87      5813

    accuracy                           0.87     58646
   macro avg       0.87      0.87      0.87     58646
weighted avg       0.88      0.87      0.87     58646

Confusion Matrix:
[[5102    1   18   39   22    4   53    1  319    1]
 [   0 4846  897  131  147   17   84  361  144   28]
 [  10   45 5169  532   24   24    4   35   32   13]
 [   2    1  199 5315    2   87    0  147   13   53]
 [  24    3   88    9 5164    1   43   60  100  230]
 [   1   10   18  105   61 4873   31    1  274  165]
 [  55    8  111    3   53   59 5144    0  425    0]
 [   1   73  436  319   21    7    1 5100   49   90]
 [ 191    3   53  232   32   15   36   20 5054   59]
 [  51    3   40  180  266    8    3   88  211 4963]]
==================================================

Training with 5000 samples...Accuracy: 0.8729
Classification Report GaussianNB :
              precision    recall  f1-score   support

         0.0       0.93      0.92      0.93      5560
         1.0       0.97      0.75      0.84      6655
         2.0       0.78      0.87      0.83      5888
         3.0       0.75      0.93      0.83      5819
         4.0       0.90      0.90      0.90      5722
         5.0       0.96      0.88      0.92      5539
         6.0       0.95      0.89      0.92      5858
         7.0       0.90      0.84      0.87      6097
         8.0       0.78      0.89      0.83      5695
         9.0       0.89      0.86      0.87      5813

    accuracy                           0.87     58646
   macro avg       0.88      0.88      0.87     58646
weighted avg       0.88      0.87      0.87     58646

Confusion Matrix:
[[5142    1   10   50   10    2   39    1  303    2]
 [   0 4958  771  238  116   25   90  274  147   36]
 [  51   45 5131  566   10    8    5   39   26    7]
 [   2    1  117 5432    4   81    0  117   15   50]
 [  19    2   83    8 5176    1   42   61   97  233]
 [   7    9   13  104   54 4902   35    2  238  175]
 [  71    7   65    5   24   70 5220    0  396    0]
 [   4   73  276  454   24    5    1 5150   38   72]
 [ 173    2   52  238   24   19   36   14 5072   65]
 [  44    3   30  171  278   10    1   61  203 5012]]
==================================================

Training with 6000 samples...Accuracy: 0.8734
Classification Report GaussianNB :
              precision    recall  f1-score   support

         0.0       0.93      0.94      0.93      5560
         1.0       0.97      0.74      0.84      6655
         2.0       0.77      0.87      0.82      5888
         3.0       0.75      0.93      0.83      5819
         4.0       0.91      0.91      0.91      5722
         5.0       0.96      0.89      0.92      5539
         6.0       0.96      0.89      0.92      5858
         7.0       0.89      0.85      0.87      6097
         8.0       0.79      0.89      0.84      5695
         9.0       0.88      0.86      0.87      5813

    accuracy                           0.87     58646
   macro avg       0.88      0.88      0.88     58646
weighted avg       0.88      0.87      0.87     58646

Confusion Matrix:
[[5205    1   12   43    6    2   40    1  247    3]
 [   0 4925  820  222  101   20   86  316  119   46]
 [  55   52 5142  542    8    7    5   43   25    9]
 [   5    5  137 5408    5   66    0  128   13   52]
 [  12    2   75    8 5193    1   37   58   89  247]
 [   7    7   19  106   60 4904   37    2  217  180]
 [  83    6   95    4   17   63 5201    0  389    0]
 [   5   60  274  456   26    3    1 5162   35   75]
 [ 200    3   53  226   24   14   32   16 5059   68]
 [  41    3   31  148  298   10    0   62  195 5025]]
==================================================

Training with 7000 samples...Accuracy: 0.8750
Classification Report GaussianNB :
              precision    recall  f1-score   support

         0.0       0.93      0.94      0.93      5560
         1.0       0.97      0.74      0.84      6655
         2.0       0.76      0.88      0.82      5888
         3.0       0.76      0.92      0.83      5819
         4.0       0.91      0.91      0.91      5722
         5.0       0.96      0.89      0.92      5539
         6.0       0.96      0.89      0.92      5858
         7.0       0.90      0.86      0.88      6097
         8.0       0.80      0.89      0.84      5695
         9.0       0.88      0.86      0.87      5813

    accuracy                           0.87     58646
   macro avg       0.88      0.88      0.88     58646
weighted avg       0.88      0.87      0.88     58646

Confusion Matrix:
[[5211    1    8   42    4    1   39    1  251    2]
 [   0 4924  859  222  100   30   76  301  104   39]
 [  52   49 5182  500    7    7    5   58   22    6]
 [   5    5  198 5353    3   61    0  130   13   51]
 [   9    1   75    7 5227    1   37   49   89  227]
 [   9    7   33  106   50 4906   33    2  200  193]
 [  81    6  109    3   16   65 5192    0  386    0]
 [   2   67  233  422   25    3    1 5240   33   71]
 [ 189    5   68  218   25   16   29   13 5064   68]
 [  34    3   49  170  300    8    0   43  192 5014]]
==================================================

Training with 8000 samples...Accuracy: 0.8803
Classification Report GaussianNB :
              precision    recall  f1-score   support

         0.0       0.94      0.94      0.94      5560
         1.0       0.98      0.78      0.87      6655
         2.0       0.80      0.87      0.83      5888
         3.0       0.76      0.92      0.83      5819
         4.0       0.92      0.91      0.92      5722
         5.0       0.97      0.88      0.92      5539
         6.0       0.96      0.89      0.92      5858
         7.0       0.90      0.86      0.88      6097
         8.0       0.77      0.91      0.84      5695
         9.0       0.89      0.87      0.88      5813

    accuracy                           0.88     58646
   macro avg       0.89      0.88      0.88     58646
weighted avg       0.89      0.88      0.88     58646

Confusion Matrix:
[[5210    1    7   32    3    1   37    0  268    1]
 [   0 5204  584  229   81   30   69  317  106   35]
 [  31   30 5098  581    6    2    5   49   75   11]
 [   2    1  191 5349    2   34    0  129   90   21]
 [  15    1   73   13 5227    1   36   49   88  219]
 [   8    5   28  106   48 4874   37    2  219  212]
 [  88    6   97    3   14   64 5200    0  386    0]
 [   2   48  211  426   19    0    1 5238   87   65]
 [ 145    3   46  170   24   10   34   13 5180   70]
 [  29    2   34  171  268    4    0   48  211 5046]]
==================================================

Training with 9000 samples...Accuracy: 0.8841
Classification Report GaussianNB :
              precision    recall  f1-score   support

         0.0       0.95      0.93      0.94      5560
         1.0       0.98      0.79      0.88      6655
         2.0       0.81      0.88      0.84      5888
         3.0       0.76      0.92      0.83      5819
         4.0       0.92      0.92      0.92      5722
         5.0       0.97      0.88      0.92      5539
         6.0       0.96      0.90      0.93      5858
         7.0       0.90      0.86      0.88      6097
         8.0       0.78      0.91      0.84      5695
         9.0       0.89      0.87      0.88      5813

    accuracy                           0.88     58646
   macro avg       0.89      0.89      0.89     58646
weighted avg       0.89      0.88      0.89     58646

Confusion Matrix:
[[5183    1    8   31    3    1   43    0  289    1]
 [   0 5272  554  222   81   26   66  314   95   25]
 [  32   29 5172  520    7    2    4   49   64    9]
 [   1    1  176 5379    2   32    0  120   89   19]
 [  10    2   72   14 5254    1   40   45   85  199]
 [   8    7   25  106   44 4854   45    2  216  232]
 [  79    7  102    3   15   70 5269    0  313    0]
 [   1   48  190  461   19    0    1 5267   71   39]
 [ 137    5   44  184   22   15   36   17 5164   71]
 [  27    5   32  175  273    4    0   63  197 5037]]
==================================================

Training with 10000 samples...Accuracy: 0.8851
Classification Report GaussianNB :
              precision    recall  f1-score   support

         0.0       0.94      0.94      0.94      5560
         1.0       0.98      0.79      0.88      6655
         2.0       0.80      0.88      0.84      5888
         3.0       0.75      0.92      0.83      5819
         4.0       0.92      0.92      0.92      5722
         5.0       0.97      0.88      0.92      5539
         6.0       0.96      0.90      0.93      5858
         7.0       0.91      0.86      0.88      6097
         8.0       0.80      0.90      0.85      5695
         9.0       0.90      0.87      0.88      5813

    accuracy                           0.89     58646
   macro avg       0.89      0.89      0.89     58646
weighted avg       0.89      0.89      0.89     58646

Confusion Matrix:
[[5218    1   10   28    3    0   44    0  255    1]
 [   1 5270  561  254   88   29   68  265   85   34]
 [  11   28 5186  549    6    1    4   39   63    1]
 [   2    1  223 5374    1   33    0  134   31   20]
 [  11    2   63   14 5258    1   38   43   90  202]
 [   7    7   31  106   41 4883   46    2  207  209]
 [  73    7  107    5   14   76 5277    0  299    0]
 [   1   51  185  489   19    1    1 5249   66   35]
 [ 172    3   45  181   26   16   35   15 5116   86]
 [  27    5   44  162  255    5    0   52  187 5076]]
==================================================

Training with 11000 samples...Accuracy: 0.8846
Classification Report GaussianNB :
              precision    recall  f1-score   support

         0.0       0.94      0.93      0.94      5560
         1.0       0.98      0.79      0.87      6655
         2.0       0.80      0.89      0.84      5888
         3.0       0.76      0.92      0.83      5819
         4.0       0.92      0.92      0.92      5722
         5.0       0.97      0.88      0.92      5539
         6.0       0.96      0.90      0.93      5858
         7.0       0.90      0.86      0.88      6097
         8.0       0.79      0.90      0.84      5695
         9.0       0.90      0.88      0.89      5813

    accuracy                           0.88     58646
   macro avg       0.89      0.89      0.89     58646
weighted avg       0.89      0.88      0.89     58646

Confusion Matrix:
[[5198    1   11   30    4    0   43    0  272    1]
 [   0 5235  574  256   88   24   79  290   76   33]
 [   8   26 5212  520    5    1    7   47   61    1]
 [   2    1  223 5366    0   33    0  136   40   18]
 [   7    3   47   13 5262    0   35   51   86  218]
 [   8    7   28  103   42 4880   42    2  229  198]
 [  76    7   95    5   21   84 5260    0  310    0]
 [   1   55  180  473   19    1    1 5265   67   35]
 [ 177    4   57  170   21   18   35   16 5110   87]
 [  27    6   53  155  228    5    0   54  193 5092]]
==================================================

Training with 12000 samples...Accuracy: 0.8860
Classification Report GaussianNB :
              precision    recall  f1-score   support

         0.0       0.95      0.94      0.94      5560
         1.0       0.98      0.78      0.87      6655
         2.0       0.80      0.88      0.84      5888
         3.0       0.76      0.92      0.83      5819
         4.0       0.93      0.92      0.92      5722
         5.0       0.97      0.89      0.93      5539
         6.0       0.95      0.90      0.93      5858
         7.0       0.90      0.87      0.88      6097
         8.0       0.81      0.90      0.85      5695
         9.0       0.89      0.88      0.89      5813

    accuracy                           0.89     58646
   macro avg       0.89      0.89      0.89     58646
weighted avg       0.89      0.89      0.89     58646

Confusion Matrix:
[[5215    1   11   30    4    1   45    0  252    1]
 [   1 5216  575  245   90   26   95  303   70   34]
 [   8   24 5205  526    5    1    8   48   62    1]
 [   2    1  223 5366    2   36    0  137   34   18]
 [   7    2   47   12 5260    0   38   46   85  225]
 [   9    7   28  104   34 4912   43    2  194  206]
 [  71    7   97    6   21   80 5294    0  282    0]
 [   2   51  173  467   19    1    1 5283   60   40]
 [ 177    4   54  179   21   17   39   15 5102   87]
 [  24    6   57  153  220    5    0   52  190 5106]]
==================================================

Training with 13000 samples...Accuracy: 0.8885
Classification Report GaussianNB :
              precision    recall  f1-score   support

         0.0       0.95      0.94      0.94      5560
         1.0       0.98      0.78      0.87      6655
         2.0       0.80      0.90      0.85      5888
         3.0       0.77      0.92      0.84      5819
         4.0       0.93      0.92      0.92      5722
         5.0       0.97      0.89      0.93      5539
         6.0       0.95      0.91      0.93      5858
         7.0       0.90      0.87      0.88      6097
         8.0       0.81      0.90      0.85      5695
         9.0       0.89      0.88      0.89      5813

    accuracy                           0.89     58646
   macro avg       0.90      0.89      0.89     58646
weighted avg       0.90      0.89      0.89     58646

Confusion Matrix:
[[5213    1   10   31    3    1   44    0  256    1]
 [   1 5207  608  238   86   20   86  294   70   45]
 [   8   25 5275  457    5    1    8   45   63    1]
 [   2    1  206 5379    1   33    0  144   33   20]
 [   5    2   49   12 5267    1   37   40   86  223]
 [   5    9   26  109   34 4917   48    2  188  201]
 [  67    7   95    7   19   79 5328    0  256    0]
 [   2   53  182  445   19    1    1 5289   66   39]
 [ 174    4   61  157   22    8   40   16 5123   90]
 [  24    6   54  152  226    4    0   52  187 5108]]
==================================================

Training with 14000 samples...Accuracy: 0.8878
Classification Report GaussianNB :
              precision    recall  f1-score   support

         0.0       0.95      0.94      0.94      5560
         1.0       0.98      0.78      0.87      6655
         2.0       0.80      0.89      0.85      5888
         3.0       0.77      0.92      0.84      5819
         4.0       0.93      0.92      0.92      5722
         5.0       0.97      0.89      0.93      5539
         6.0       0.95      0.91      0.93      5858
         7.0       0.89      0.87      0.88      6097
         8.0       0.81      0.90      0.85      5695
         9.0       0.89      0.88      0.89      5813

    accuracy                           0.89     58646
   macro avg       0.89      0.89      0.89     58646
weighted avg       0.90      0.89      0.89     58646

Confusion Matrix:
[[5221    1   10   32    3    1   44    0  247    1]
 [   1 5165  613  239   87   23   81  326   77   43]
 [   8   23 5253  475    3    1    9   55   60    1]
 [   2    1  210 5367    1   30    0  150   34   24]
 [   5    2   45   10 5266    0   36   46   89  223]
 [   8    7   24  106   34 4920   47    2  187  204]
 [  78    7   87    5   21   78 5317    0  265    0]
 [   0   45  177  420   19    1    1 5323   71   40]
 [ 176    3   54  172   23    7   39   14 5117   90]
 [  21    5   62  146  220    4    0   55  182 5118]]
==================================================

Training with 15000 samples...Accuracy: 0.8885
Classification Report GaussianNB :
              precision    recall  f1-score   support

         0.0       0.94      0.94      0.94      5560
         1.0       0.98      0.78      0.87      6655
         2.0       0.81      0.89      0.85      5888
         3.0       0.77      0.93      0.84      5819
         4.0       0.93      0.92      0.92      5722
         5.0       0.97      0.89      0.93      5539
         6.0       0.95      0.91      0.93      5858
         7.0       0.89      0.87      0.88      6097
         8.0       0.81      0.90      0.85      5695
         9.0       0.90      0.88      0.89      5813

    accuracy                           0.89     58646
   macro avg       0.90      0.89      0.89     58646
weighted avg       0.90      0.89      0.89     58646

Confusion Matrix:
[[5219    1   12   30    3    1   45    0  248    1]
 [   1 5176  594  241   85   23   85  327   80   43]
 [   8   23 5262  471    3    1    9   54   57    0]
 [   2    1  199 5398    1   31    0  129   36   22]
 [  13    3   42   11 5271    0   35   44   88  215]
 [   7    6   24  103   36 4936   47    2  188  190]
 [  76    7   83    5   22   87 5321    0  257    0]
 [   1   42  174  449   20    1    1 5304   67   38]
 [ 175    4   51  179   22    9   38   15 5113   89]
 [  30    5   58  150  215    4    0   58  185 5108]]
==================================================

Training with 16000 samples...Accuracy: 0.8876
Classification Report GaussianNB :
              precision    recall  f1-score   support

         0.0       0.94      0.94      0.94      5560
         1.0       0.98      0.77      0.86      6655
         2.0       0.80      0.89      0.85      5888
         3.0       0.77      0.93      0.84      5819
         4.0       0.93      0.92      0.92      5722
         5.0       0.97      0.89      0.93      5539
         6.0       0.95      0.91      0.93      5858
         7.0       0.90      0.87      0.88      6097
         8.0       0.81      0.90      0.85      5695
         9.0       0.90      0.88      0.89      5813

    accuracy                           0.89     58646
   macro avg       0.89      0.89      0.89     58646
weighted avg       0.90      0.89      0.89     58646

Confusion Matrix:
[[5215    1   13   29    2    1   44    0  254    1]
 [   1 5138  621  248   89   23   87  329   78   41]
 [  10   22 5262  474    4    1    8   53   53    1]
 [   2    1  210 5396    1   34    0  119   34   22]
 [  15    3   45    9 5271    0   36   43   88  212]
 [   8    6   27  105   37 4955   46    2  170  183]
 [  77    7   87    5   20   84 5313    0  265    0]
 [   2   44  180  461   20    1    1 5281   66   41]
 [ 176    4   53  176   22    8   39   14 5115   88]
 [  30    5   61  147  213    4    0   57  185 5111]]
==================================================

Training with 17000 samples...Accuracy: 0.8880
Classification Report GaussianNB :
              precision    recall  f1-score   support

         0.0       0.94      0.94      0.94      5560
         1.0       0.98      0.78      0.87      6655
         2.0       0.81      0.89      0.85      5888
         3.0       0.77      0.93      0.84      5819
         4.0       0.93      0.92      0.92      5722
         5.0       0.97      0.89      0.93      5539
         6.0       0.95      0.91      0.93      5858
         7.0       0.89      0.87      0.88      6097
         8.0       0.81      0.90      0.85      5695
         9.0       0.90      0.88      0.89      5813

    accuracy                           0.89     58646
   macro avg       0.89      0.89      0.89     58646
weighted avg       0.90      0.89      0.89     58646

Confusion Matrix:
[[5208    1   13   31    2    1   44    0  259    1]
 [   1 5164  602  225   84   22   81  352   84   40]
 [   9   23 5268  465    4    1    8   56   54    0]
 [   2    1  205 5392    1   34    0  129   33   22]
 [  15    3   47    9 5258    0   37   46   92  215]
 [   9    6   25  105   34 4954   43    2  174  187]
 [  76    7   86    6   22   84 5307    0  270    0]
 [   2   45  184  436   20    1    1 5302   65   41]
 [ 176    4   51  178   22    6   40   14 5114   90]
 [  29    4   61  149  213    4    0   59  182 5112]]
==================================================

Training with 18000 samples...Accuracy: 0.8886
Classification Report GaussianNB :
              precision    recall  f1-score   support

         0.0       0.94      0.94      0.94      5560
         1.0       0.98      0.78      0.87      6655
         2.0       0.80      0.89      0.85      5888
         3.0       0.77      0.93      0.84      5819
         4.0       0.93      0.92      0.93      5722
         5.0       0.97      0.90      0.93      5539
         6.0       0.95      0.90      0.93      5858
         7.0       0.89      0.87      0.88      6097
         8.0       0.81      0.90      0.85      5695
         9.0       0.90      0.88      0.89      5813

    accuracy                           0.89     58646
   macro avg       0.90      0.89      0.89     58646
weighted avg       0.90      0.89      0.89     58646

Confusion Matrix:
[[5205    1   13   31    2    1   45    0  261    1]
 [   1 5189  583  216   87   21   80  350   90   38]
 [   9   23 5261  477    3    1    7   54   53    0]
 [   2    1  211 5386    1   31    0  134   31   22]
 [  14    2   48   12 5268    0   34   42   92  210]
 [  10    6   30  105   31 4959   46    2  159  191]
 [  74    7   99    5   19   83 5301    0  270    0]
 [   2   47  184  420   21    1    1 5318   63   40]
 [ 172    4   53  184   23    7   40   13 5112   87]
 [  26    5   60  150  213    4    0   60  181 5114]]
==================================================

Training with 19000 samples...Accuracy: 0.8892
Classification Report GaussianNB :
              precision    recall  f1-score   support

         0.0       0.94      0.94      0.94      5560
         1.0       0.98      0.78      0.87      6655
         2.0       0.81      0.89      0.85      5888
         3.0       0.77      0.93      0.84      5819
         4.0       0.93      0.92      0.93      5722
         5.0       0.97      0.90      0.93      5539
         6.0       0.96      0.90      0.93      5858
         7.0       0.89      0.87      0.88      6097
         8.0       0.81      0.90      0.85      5695
         9.0       0.90      0.88      0.89      5813

    accuracy                           0.89     58646
   macro avg       0.90      0.89      0.89     58646
weighted avg       0.90      0.89      0.89     58646

Confusion Matrix:
[[5233    1   11   34    2    1   42    0  235    1]
 [   1 5203  568  235   85   21   79  345   83   35]
 [   9   24 5266  470    4    1    7   52   54    1]
 [   2    1  212 5389    1   33    0  128   31   22]
 [  14    2   44   13 5278    0   32   41   90  208]
 [  10    6   28  103   31 4966   45    2  161  187]
 [  80    7   89    8   16   83 5299    0  276    0]
 [   2   43  176  445   21    1    1 5307   60   41]
 [ 177    5   52  189   23    8   39   14 5099   89]
 [  25    5   62  152  216    5    0   58  180 5110]]
==================================================

Training with 20000 samples...Accuracy: 0.8891
Classification Report GaussianNB :
              precision    recall  f1-score   support

         0.0       0.94      0.94      0.94      5560
         1.0       0.98      0.78      0.87      6655
         2.0       0.81      0.90      0.85      5888
         3.0       0.77      0.93      0.84      5819
         4.0       0.93      0.92      0.93      5722
         5.0       0.97      0.90      0.93      5539
         6.0       0.95      0.90      0.93      5858
         7.0       0.89      0.87      0.88      6097
         8.0       0.81      0.90      0.85      5695
         9.0       0.90      0.88      0.89      5813

    accuracy                           0.89     58646
   macro avg       0.90      0.89      0.89     58646
weighted avg       0.90      0.89      0.89     58646

Confusion Matrix:
[[5220    1   11   32    2    1   41    0  251    1]
 [   1 5184  583  238   86   22   85  340   80   36]
 [   9   24 5289  447    4    1    8   52   53    1]
 [   2    1  212 5390    1   33    0  127   31   22]
 [  14    2   44   12 5273    0   32   44   90  211]
 [   9    6   29  103   31 4958   46    2  169  186]
 [  78    7   89    8   15   90 5286    0  285    0]\\\\\\\\\\\\\\\\\
 [   1   47  175  426   21    1    1 5323   60   42]
 [ 175    5   53  182   23    7   38   13 5112   87]
 [  25    5   62  151  221    4    0   55  184 5106]]
==================================================
Training time: 7.7175 seconds 
Média training time: 0.3859 seconds