
Training with 1000 samples...Accuracy: 0.7545
Classification Report MultinomialNB :
              precision    recall  f1-score   support

         0.0       0.74      0.95      0.84      5560
         1.0       0.76      0.58      0.66      6655
         2.0       0.89      0.89      0.89      5888
         3.0       0.64      0.86      0.74      5819
         4.0       0.91      0.84      0.88      5722
         5.0       1.00      0.31      0.47      5539
         6.0       0.82      0.82      0.82      5858
         7.0       0.78      0.90      0.84      6097
         8.0       0.76      0.47      0.58      5695
         9.0       0.57      0.92      0.70      5813

    accuracy                           0.75     58646
   macro avg       0.79      0.75      0.74     58646
weighted avg       0.79      0.75      0.74     58646

Confusion Matrix:
[[5302   44   23   34   60    1   73    6    6   11]
 [  56 3856  443   35   30    0  648  111   97 1379]
 [  92  120 5268   47    3    0   15  316   14   13]
 [  25   72   46 5030    1    1    1  551   19   73]
 [ 113   56   30    0 4828    0   78   20    5  592]
 [  25  135   21 2549   93 1719  100  194  379  324]
 [ 430  332    3    0   18    2 4805    0  268    0]
 [   0  183   33   29   68    0    1 5464   16  303]
 [1021  223   58   14   91    1  138  161 2653 1335]
 [  75   79    6   78   91    0    7  141   13 5323]]
==================================================

Training with 2000 samples...Accuracy: 0.8042
Classification Report MultinomialNB :
              precision    recall  f1-score   support

         0.0       0.87      0.90      0.88      5560
         1.0       0.84      0.57      0.68      6655
         2.0       0.87      0.94      0.90      5888
         3.0       0.70      0.88      0.78      5819
         4.0       0.90      0.89      0.89      5722
         5.0       0.97      0.52      0.67      5539
         6.0       0.74      0.90      0.82      5858
         7.0       0.83      0.92      0.87      6097
         8.0       0.84      0.66      0.74      5695
         9.0       0.66      0.90      0.77      5813

    accuracy                           0.80     58646
   macro avg       0.82      0.81      0.80     58646
weighted avg       0.82      0.80      0.80     58646

Confusion Matrix:
[[4997   27   38   68   82    2  296    6   30   14]
 [   5 3770  551   32   50    1  930  122  161 1033]
 [  29   69 5507   23    4    1   45  178   23    9]
 [  11   39   85 5101    1   19    2  467   24   70]
 [  60   28   11    0 5076    0  144   28   16  359]
 [   9   47   15 1997   64 2858  155   97  121  176]
 [  86  171    1    0   32   49 5270    0  248    1]
 [   0  126   54   25   72    1    1 5580   38  200]
 [ 518  125   80    2   95    4  217  106 3747  801]
 [  41   60    8   82  178    1   14  129   45 5255]]
==================================================

Training with 3000 samples...Accuracy: 0.8179
Classification Report MultinomialNB :
              precision    recall  f1-score   support

         0.0       0.89      0.90      0.89      5560
         1.0       0.89      0.54      0.67      6655
         2.0       0.82      0.95      0.88      5888
         3.0       0.72      0.90      0.80      5819
         4.0       0.92      0.88      0.90      5722
         5.0       0.97      0.58      0.72      5539
         6.0       0.75      0.91      0.82      5858
         7.0       0.88      0.90      0.89      6097
         8.0       0.83      0.73      0.77      5695
         9.0       0.69      0.91      0.79      5813

    accuracy                           0.82     58646
   macro avg       0.83      0.82      0.81     58646
weighted avg       0.83      0.82      0.81     58646

Confusion Matrix:
[[4990   10   38   67   55    2  347    5   33   13]
 [  12 3596  853   36   45    2  864   98  288  861]
 [  25   40 5575   28    4    2   52  122   34    6]
 [  11   27  113 5261    1   34    2  262   29   79]
 [  53   20   14    0 5044    0  180   16   32  363]
 [   8   31   15 1795   42 3201  157   45   95  150]
 [  66   97    0    0   25   63 5360    0  247    0]
 [   0  106   74   39   64    2    1 5505   57  249]
 [ 419   72   82    4   70   10  197   69 4154  618]
 [  47   47   14   81  160    1   15  101   64 5283]]
==================================================

Training with 4000 samples...Accuracy: 0.8219
Classification Report MultinomialNB :
              precision    recall  f1-score   support

         0.0       0.88      0.89      0.89      5560
         1.0       0.87      0.56      0.69      6655
         2.0       0.82      0.94      0.88      5888
         3.0       0.71      0.93      0.81      5819
         4.0       0.87      0.90      0.89      5722
         5.0       0.95      0.59      0.73      5539
         6.0       0.76      0.92      0.83      5858
         7.0       0.90      0.90      0.90      6097
         8.0       0.89      0.70      0.78      5695
         9.0       0.71      0.90      0.79      5813

    accuracy                           0.82     58646
   macro avg       0.84      0.82      0.82     58646
weighted avg       0.84      0.82      0.82     58646

Confusion Matrix:
[[4967   12   34   86   76    2  342    5   21   15]
 [   9 3754  891   52   99   13  809   98  127  803]
 [  27   55 5550   62    5    2   44  111   27    5]
 [  11   27   81 5393    1   34    1  193   20   58]
 [  52   22   10    0 5166    0  159   13   19  281]
 [   8   33   16 1810   61 3275  132   31   64  109]
 [  60  133    0    0   33   82 5385    0  165    0]
 [   0  114   69   74  112    5    1 5495   36  191]
 [ 480   96   85    9  118   15  196   59 4001  636]
 [  50   57   13   89  251    2   12   88   38 5213]]
==================================================

Training with 5000 samples...Accuracy: 0.8262
Classification Report MultinomialNB :
              precision    recall  f1-score   support

         0.0       0.88      0.89      0.89      5560
         1.0       0.89      0.56      0.68      6655
         2.0       0.82      0.94      0.88      5888
         3.0       0.71      0.94      0.81      5819
         4.0       0.88      0.90      0.89      5722
         5.0       0.94      0.62      0.75      5539
         6.0       0.75      0.92      0.83      5858
         7.0       0.91      0.91      0.91      6097
         8.0       0.90      0.71      0.79      5695
         9.0       0.73      0.90      0.81      5813

    accuracy                           0.83     58646
   macro avg       0.84      0.83      0.82     58646
weighted avg       0.84      0.83      0.82     58646

Confusion Matrix:
[[4962    9   31  106   63    2  347    6   18   16]
 [  10 3702  906   76  100   18  856  107  143  737]
 [  27   41 5541   99    4    2   45  104   20    5]
 [   9   18   57 5474    1   38    4  159   13   46]
 [  50   17   10    0 5160    0  169   17   13  286]
 [   8   24   13 1747   48 3418  128   25   38   90]
 [  50  118    0    0   25  112 5413    0  140    0]
 [   0  106   68  103  108   10    1 5522   25  154]
 [ 458   91   82   18  118   31  212   58 4024  603]
 [  46   50   12  102  238    3   13   89   23 5237]]
==================================================

Training with 6000 samples...Accuracy: 0.8287
Classification Report MultinomialNB :
              precision    recall  f1-score   support

         0.0       0.89      0.89      0.89      5560
         1.0       0.90      0.56      0.69      6655
         2.0       0.85      0.93      0.89      5888
         3.0       0.71      0.95      0.81      5819
         4.0       0.87      0.91      0.89      5722
         5.0       0.95      0.62      0.75      5539
         6.0       0.74      0.93      0.82      5858
         7.0       0.91      0.91      0.91      6097
         8.0       0.89      0.72      0.80      5695
         9.0       0.74      0.89      0.81      5813

    accuracy                           0.83     58646
   macro avg       0.84      0.83      0.83     58646
weighted avg       0.84      0.83      0.82     58646

Confusion Matrix:
[[4952    8   32  109   62    2  354    5   20   16]
 [   8 3716  749   88  112   13  941  112  153  763]
 [  25   41 5504  123    4    2   55  106   23    5]
 [   8   18   40 5513    1   35    5  139   15   45]
 [  43   15    6    0 5183    0  173   18   17  267]
 [   6   24    9 1733   50 3443  127   25   41   81]
 [  42  102    0    0   26   98 5438    0  152    0]
 [   0   98   60  111  121    7    1 5528   27  144]
 [ 424   79   63   25  128   23  219   59 4124  551]
 [  43   50   11  102  250    5   13   94   44 5201]]
==================================================

Training with 7000 samples...Accuracy: 0.8310
Classification Report MultinomialNB :
              precision    recall  f1-score   support

         0.0       0.89      0.89      0.89      5560
         1.0       0.90      0.56      0.69      6655
         2.0       0.85      0.93      0.89      5888
         3.0       0.71      0.95      0.81      5819
         4.0       0.86      0.91      0.89      5722
         5.0       0.95      0.63      0.76      5539
         6.0       0.74      0.93      0.83      5858
         7.0       0.90      0.91      0.91      6097
         8.0       0.90      0.72      0.80      5695
         9.0       0.75      0.89      0.81      5813

    accuracy                           0.83     58646
   macro avg       0.85      0.83      0.83     58646
weighted avg       0.85      0.83      0.83     58646

Confusion Matrix:
[[4957    7   31  104   63    2  355    5   19   17]
 [   9 3725  731   92  166   13  939  123  135  722]
 [  23   40 5499  125    6    2   52  115   22    4]
 [   8   14   40 5508    1   34    5  153   15   41]
 [  39   14    5    0 5221    0  170   18   17  238]
 [   6   24   10 1682   48 3503  122   24   42   78]
 [  41   99    0    0   26  100 5443    0  149    0]
 [   0   96   56  110  120    7    1 5561   26  120]
 [ 425   70   66   24  128   22  222   60 4125  553]
 [  45   47   12  103  268    3   13   95   36 5191]]
==================================================

Training with 8000 samples...Accuracy: 0.8334
Classification Report MultinomialNB :
              precision    recall  f1-score   support

         0.0       0.90      0.89      0.89      5560
         1.0       0.91      0.56      0.69      6655
         2.0       0.85      0.94      0.89      5888
         3.0       0.72      0.95      0.82      5819
         4.0       0.85      0.92      0.88      5722
         5.0       0.94      0.65      0.77      5539
         6.0       0.75      0.93      0.83      5858
         7.0       0.91      0.91      0.91      6097
         8.0       0.90      0.72      0.80      5695
         9.0       0.75      0.89      0.81      5813

    accuracy                           0.83     58646
   macro avg       0.85      0.84      0.83     58646
weighted avg       0.85      0.83      0.83     58646

Confusion Matrix:
[[4963    7   32  100   74    2  338    5   22   17]
 [   7 3734  736   91  210   16  899  125  124  713]
 [  21   37 5512  122    7    2   51  110   21    5]
 [   8   11   40 5510    1   42    2  148   15   42]
 [  31   13    8    0 5257    0  154   15   16  228]
 [   6   21    9 1575   51 3628  112   20   38   79]
 [  42   86    0    0   30  118 5429    0  153    0]
 [   0   94   56  116  129   10    1 5543   27  121]
 [ 418   64   67   25  142   30  219   55 4107  568]
 [  40   46   11  106  273    5   12   86   39 5195]]
==================================================

Training with 9000 samples...Accuracy: 0.8337
Classification Report MultinomialNB :
              precision    recall  f1-score   support

         0.0       0.90      0.89      0.89      5560
         1.0       0.91      0.56      0.70      6655
         2.0       0.85      0.94      0.89      5888
         3.0       0.72      0.95      0.82      5819
         4.0       0.87      0.91      0.89      5722
         5.0       0.94      0.66      0.77      5539
         6.0       0.75      0.93      0.83      5858
         7.0       0.91      0.91      0.91      6097
         8.0       0.90      0.71      0.80      5695
         9.0       0.73      0.90      0.81      5813

    accuracy                           0.83     58646
   macro avg       0.85      0.84      0.83     58646
weighted avg       0.85      0.83      0.83     58646

Confusion Matrix:
[[4951    7   30  103   63    2  359    6   23   16]
 [   4 3751  743   90  169   19  907  122  106  744]
 [  20   36 5521  118    5    2   51  107   22    6]
 [   8   11   41 5514    0   44    3  141   14   43]
 [  32   13    7    0 5212    0  167   16   18  257]
 [   4   19   10 1564   42 3646  118   19   34   83]
 [  39   78    0    0   23  126 5428    0  164    0]
 [   0   91   57  117  110   10    1 5546   27  138]
 [ 422   58   68   24  126   32  231   53 4066  615]
 [  38   44   11  101  223    5   12   82   39 5258]]
==================================================

Training with 10000 samples...Accuracy: 0.8338
Classification Report MultinomialNB :
              precision    recall  f1-score   support

         0.0       0.90      0.89      0.89      5560
         1.0       0.92      0.56      0.70      6655
         2.0       0.85      0.94      0.89      5888
         3.0       0.72      0.95      0.82      5819
         4.0       0.86      0.92      0.89      5722
         5.0       0.94      0.65      0.77      5539
         6.0       0.76      0.92      0.83      5858
         7.0       0.91      0.91      0.91      6097
         8.0       0.90      0.72      0.80      5695
         9.0       0.75      0.89      0.81      5813

    accuracy                           0.83     58646
   macro avg       0.85      0.84      0.83     58646
weighted avg       0.85      0.83      0.83     58646

Confusion Matrix:
[[4958    6   28  111   72    2  336    5   25   17]
 [   9 3743  760  101  215   20  864  132  106  705]
 [  20   34 5518  127    7    2   45  106   25    4]
 [   8    9   39 5529    1   41    2  141   14   35]
 [  27   11    8    0 5273    0  146   17   18  222]
 [   5   20   10 1600   49 3621  106   20   36   72]
 [  40   76    0    0   29  134 5400    0  179    0]
 [   0   89   53  124  124   11    1 5558   28  109]
 [ 430   54   73   26  134   32  209   56 4099  582]
 [  42   42   12  108  254    5   10   93   49 5198]]
==================================================

Training with 11000 samples...Accuracy: 0.8345
Classification Report MultinomialNB :
              precision    recall  f1-score   support

         0.0       0.90      0.89      0.89      5560
         1.0       0.92      0.56      0.69      6655
         2.0       0.84      0.94      0.89      5888
         3.0       0.72      0.95      0.82      5819
         4.0       0.85      0.92      0.89      5722
         5.0       0.94      0.65      0.77      5539
         6.0       0.76      0.92      0.83      5858
         7.0       0.90      0.92      0.91      6097
         8.0       0.89      0.73      0.80      5695
         9.0       0.76      0.89      0.82      5813

    accuracy                           0.83     58646
   macro avg       0.85      0.84      0.83     58646
weighted avg       0.85      0.83      0.83     58646

Confusion Matrix:
[[4942    5   29  113   76    2  343    6   27   17]
 [  10 3717  788   95  246   21  864  153  119  642]
 [  18   34 5536  112    5    2   43  110   24    4]
 [   8    9   44 5512    2   41    2  154   14   33]
 [  23   12    9    0 5272    0  148   18   20  220]
 [   4   19   10 1597   49 3617  108   22   39   74]
 [  38   73    0    0   30  128 5402    0  187    0]
 [   0   87   59  109  118   11    1 5585   29   98]
 [ 410   51   77   23  129   29  201   59 4169  547]
 [  40   41   13  108  261    5    9   95   54 5187]]
==================================================

Training with 12000 samples...Accuracy: 0.8351
Classification Report MultinomialNB :
              precision    recall  f1-score   support

         0.0       0.90      0.89      0.89      5560
         1.0       0.92      0.56      0.70      6655
         2.0       0.84      0.95      0.89      5888
         3.0       0.72      0.95      0.82      5819
         4.0       0.86      0.92      0.89      5722
         5.0       0.94      0.65      0.77      5539
         6.0       0.77      0.92      0.84      5858
         7.0       0.90      0.91      0.91      6097
         8.0       0.89      0.74      0.80      5695
         9.0       0.75      0.90      0.82      5813

    accuracy                           0.84     58646
   macro avg       0.85      0.84      0.83     58646
weighted avg       0.85      0.84      0.83     58646

Confusion Matrix:
[[4939    5   34  113   77    2  340    5   27   18]
 [  10 3725  813   88  236   22  817  147  119  678]
 [  17   33 5565   96    5    2   36  107   23    4]
 [   8    9   48 5500    1   41    2  159   14   37]
 [  24   12   10    0 5261    0  143   17   23  232]
 [   4   20   10 1595   49 3614  109   19   40   79]
 [  38   73    0    0   31  129 5393    0  194    0]
 [   0   89   63  103  108   12    1 5578   32  111]
 [ 410   50   80   21  123   29  189   56 4189  548]
 [  38   42   13  104  247    5    8   90   55 5211]]
==================================================

Training with 13000 samples...Accuracy: 0.8349
Classification Report MultinomialNB :
              precision    recall  f1-score   support

         0.0       0.90      0.89      0.89      5560
         1.0       0.92      0.56      0.69      6655
         2.0       0.82      0.95      0.88      5888
         3.0       0.73      0.94      0.82      5819
         4.0       0.86      0.92      0.89      5722
         5.0       0.94      0.65      0.77      5539
         6.0       0.77      0.92      0.84      5858
         7.0       0.89      0.92      0.91      6097
         8.0       0.90      0.73      0.80      5695
         9.0       0.76      0.89      0.82      5813

    accuracy                           0.83     58646
   macro avg       0.85      0.84      0.83     58646
weighted avg       0.85      0.83      0.83     58646

Confusion Matrix:
[[4944    4   42  108   79    2  335    7   24   15]
 [  11 3711  887   81  220   23  785  167  112  658]
 [  14   32 5600   73    4    2   34  107   19    3]
 [   8    9   59 5476    1   41    2  173   14   36]
 [  23   11   11    0 5269    0  141   22   18  227]
 [   5   19   12 1589   50 3618  109   21   38   78]
 [  38   75    2    0   31  132 5394    0  186    0]
 [   0   83   74   89  113   13    1 5605   28   91]
 [ 423   51   96   16  126   31  193   62 4146  551]
 [  41   41   14  105  252    5    8   99   47 5201]]
==================================================

Training with 14000 samples...Accuracy: 0.8354
Classification Report MultinomialNB :
              precision    recall  f1-score   support

         0.0       0.90      0.89      0.89      5560
         1.0       0.92      0.56      0.69      6655
         2.0       0.82      0.95      0.88      5888
         3.0       0.72      0.94      0.82      5819
         4.0       0.86      0.92      0.89      5722
         5.0       0.94      0.65      0.77      5539
         6.0       0.77      0.92      0.84      5858
         7.0       0.89      0.92      0.91      6097
         8.0       0.89      0.73      0.80      5695
         9.0       0.77      0.89      0.82      5813

    accuracy                           0.84     58646
   macro avg       0.85      0.84      0.83     58646
weighted avg       0.85      0.84      0.83     58646

Confusion Matrix:
[[4953    4   41  112   78    2  326    7   24   13]
 [  11 3705  890   85  224   21  790  181  116  632]
 [  13   30 5607   72    5    2   34  104   18    3]
 [   8    9   60 5480    1   39    2  173   14   33]
 [  24   11   11    0 5273    0  142   23   20  218]
 [   5   19   12 1590   48 3624  107   21   39   74]
 [  39   73    2    0   31  129 5394    0  190    0]
 [   0   84   71  102  114   11    1 5604   29   81]
 [ 424   49   93   19  128   28  195   62 4168  529]
 [  42   41   14  107  257    5    8  102   50 5187]]
==================================================

Training with 15000 samples...Accuracy: 0.8370
Classification Report MultinomialNB :
              precision    recall  f1-score   support

         0.0       0.90      0.89      0.90      5560
         1.0       0.92      0.56      0.70      6655
         2.0       0.82      0.95      0.88      5888
         3.0       0.73      0.94      0.82      5819
         4.0       0.85      0.92      0.89      5722
         5.0       0.94      0.66      0.77      5539
         6.0       0.78      0.92      0.84      5858
         7.0       0.89      0.92      0.91      6097
         8.0       0.89      0.74      0.81      5695
         9.0       0.78      0.89      0.83      5813

    accuracy                           0.84     58646
   macro avg       0.85      0.84      0.83     58646
weighted avg       0.85      0.84      0.83     58646

Confusion Matrix:
[[4954    4   45  106   79    2  324    7   26   13]
 [  10 3720  954   77  236   21  745  198  119  575]
 [  13   30 5618   67    4    2   32  102   18    2]
 [   8    9   60 5484    2   38    2  171   14   31]
 [  22   11   12    0 5288    0  140   24   21  204]
 [   4   19   12 1585   51 3634  105   21   41   67]
 [  39   74    2    0   30  130 5385    0  198    0]
 [   0   85   74  100  115   11    1 5613   29   69]
 [ 405   47  102   19  129   26  175   65 4242  485]
 [  41   41   14  111  286    5    8  105   56 5146]]
==================================================

Training with 16000 samples...Accuracy: 0.8377
Classification Report MultinomialNB :
              precision    recall  f1-score   support

         0.0       0.90      0.89      0.90      5560
         1.0       0.92      0.55      0.69      6655
         2.0       0.81      0.95      0.88      5888
         3.0       0.73      0.95      0.82      5819
         4.0       0.85      0.92      0.89      5722
         5.0       0.94      0.66      0.77      5539
         6.0       0.78      0.92      0.85      5858
         7.0       0.89      0.92      0.91      6097
         8.0       0.89      0.76      0.82      5695
         9.0       0.79      0.88      0.83      5813

    accuracy                           0.84     58646
   macro avg       0.85      0.84      0.83     58646
weighted avg       0.85      0.84      0.83     58646

Confusion Matrix:
[[4951    4   46  107   80    2  324    6   28   12]
 [  11 3693  997   80  236   20  727  195  141  555]
 [  13   28 5618   68    4    2   33  101   19    2]
 [   7    9   60 5500    3   37    2  159   14   28]
 [  22   11   13    0 5288    0  140   23   21  204]
 [   4   19   12 1591   48 3636  104   20   41   64]
 [  38   70    2    0   30  126 5391    0  201    0]
 [   0   84   76  105  116   11    1 5604   29   71]
 [ 387   46  101   21  125   26  169   63 4306  451]
 [  39   40   14  111  292    5    8  104   61 5139]]
==================================================

Training with 17000 samples...Accuracy: 0.8383
Classification Report MultinomialNB :
              precision    recall  f1-score   support

         0.0       0.91      0.89      0.90      5560
         1.0       0.92      0.55      0.69      6655
         2.0       0.81      0.95      0.88      5888
         3.0       0.73      0.94      0.82      5819
         4.0       0.85      0.93      0.89      5722
         5.0       0.94      0.66      0.78      5539
         6.0       0.78      0.92      0.84      5858
         7.0       0.89      0.92      0.90      6097
         8.0       0.88      0.76      0.82      5695
         9.0       0.79      0.88      0.84      5813

    accuracy                           0.84     58646
   macro avg       0.85      0.84      0.84     58646
weighted avg       0.85      0.84      0.83     58646

Confusion Matrix:
[[4945    4   46  105   81    2  329    7   29   12]
 [  10 3688  989   76  247   21  733  212  148  531]
 [  13   28 5618   64    5    2   33  103   20    2]
 [   7    9   64 5481    3   39    2  173   14   27]
 [  22   11   13    0 5293    0  139   26   23  195]
 [   4   19   12 1568   50 3653  104   21   42   66]
 [  36   67    2    0   31  124 5394    0  204    0]
 [   0   84   75  100  113   11    1 5613   32   68]
 [ 379   44   96   19  121   26  171   60 4347  432]
 [  40   38   14  110  294    5    8  105   70 5129]]
==================================================

Training with 18000 samples...Accuracy: 0.8380
Classification Report MultinomialNB :
              precision    recall  f1-score   support

         0.0       0.90      0.89      0.90      5560
         1.0       0.93      0.55      0.69      6655
         2.0       0.81      0.95      0.87      5888
         3.0       0.73      0.94      0.82      5819
         4.0       0.85      0.92      0.89      5722
         5.0       0.94      0.66      0.77      5539
         6.0       0.79      0.92      0.85      5858
         7.0       0.89      0.92      0.90      6097
         8.0       0.88      0.76      0.82      5695
         9.0       0.79      0.88      0.83      5813

    accuracy                           0.84     58646
   macro avg       0.85      0.84      0.83     58646
weighted avg       0.85      0.84      0.83     58646

Confusion Matrix:
[[4953    4   46  104   80    2  322    7   30   12]
 [  10 3690 1017   76  244   19  699  208  154  538]
 [  13   27 5611   71    5    2   32  104   21    2]
 [   7    9   62 5482    3   38    2  173   14   29]
 [  25   11   13    0 5283    0  136   28   24  202]
 [   4   19   12 1577   51 3644  102   21   42   67]
 [  38   65    2    0   30  122 5384    0  217    0]
 [   0   83   74   97  108   10    1 5620   35   69]
 [ 385   41   94   20  116   25  165   62 4347  440]
 [  40   38   14  108  287    5    8  107   72 5134]]
==================================================

Training with 19000 samples...Accuracy: 0.8389
Classification Report MultinomialNB :
              precision    recall  f1-score   support

         0.0       0.91      0.89      0.90      5560
         1.0       0.93      0.56      0.69      6655
         2.0       0.81      0.95      0.88      5888
         3.0       0.73      0.95      0.82      5819
         4.0       0.85      0.92      0.89      5722
         5.0       0.94      0.66      0.78      5539
         6.0       0.79      0.92      0.85      5858
         7.0       0.89      0.92      0.91      6097
         8.0       0.88      0.76      0.82      5695
         9.0       0.79      0.88      0.83      5813

    accuracy                           0.84     58646
   macro avg       0.85      0.84      0.84     58646
weighted avg       0.85      0.84      0.83     58646

Confusion Matrix:
[[4962    3   45  107   78    2  315    6   30   12]
 [  10 3695 1008   79  250   18  699  197  150  549]
 [  13   25 5611   74    5    2   32  103   21    2]
 [   7    9   56 5504    2   38    2  158   14   29]
 [  25   11   13    0 5281    0  136   23   24  209]
 [   4   19   12 1565   48 3661  100   20   42   68]
 [  37   65    2    0   29  122 5389    0  214    0]
 [   0   82   74  108  107   10    1 5610   36   69]
 [ 383   41   96   22  114   26  165   60 4340  448]
 [  40   38   14  110  283    4    8  103   69 5144]]
==================================================

Training with 20000 samples...Accuracy: 0.8387
Classification Report MultinomialNB :
              precision    recall  f1-score   support

         0.0       0.91      0.89      0.90      5560
         1.0       0.93      0.55      0.69      6655
         2.0       0.81      0.95      0.88      5888
         3.0       0.72      0.95      0.82      5819
         4.0       0.85      0.92      0.89      5722
         5.0       0.94      0.66      0.78      5539
         6.0       0.79      0.92      0.85      5858
         7.0       0.89      0.92      0.91      6097
         8.0       0.88      0.77      0.82      5695
         9.0       0.79      0.88      0.84      5813

    accuracy                           0.84     58646
   macro avg       0.85      0.84      0.84     58646
weighted avg       0.85      0.84      0.83     58646

Confusion Matrix:
[[4950    3   45  114   80    2  318    6   30   12]
 [  10 3691  997   86  263   19  702  205  150  532]
 [  13   25 5605   77    5    2   33  105   21    2]
 [   7    9   53 5512    2   34    2  159   14   27]
 [  25   11   13    0 5287    0  136   25   23  202]
 [   4   19   12 1587   48 3643   99   20   42   65]
 [  37   65    2    0   31  121 5392    0  210    0]
 [   0   82   67  114  107   10    1 5612   35   69]
 [ 380   42   92   23  113   26  163   59 4357  440]
 [  40   38   14  111  289    4    8  104   66 5139]]
==================================================
Training time: 1.8905 seconds 
Média training time: 0.0945 seconds