
Training with 1000 samples...Accuracy: 0.9022
Classification Report SVMParameters :
              precision    recall  f1-score   support

         0.0       0.97      0.91      0.94      5560
         1.0       0.98      0.87      0.92      6655
         2.0       0.90      0.96      0.93      5888
         3.0       0.93      0.95      0.94      5819
         4.0       0.94      0.90      0.92      5722
         5.0       0.93      0.92      0.93      5539
         6.0       0.97      0.86      0.91      5858
         7.0       0.91      0.88      0.89      6097
         8.0       0.94      0.84      0.89      5695
         9.0       0.67      0.93      0.78      5813

    accuracy                           0.90     58646
   macro avg       0.91      0.90      0.90     58646
weighted avg       0.91      0.90      0.90     58646

Confusion Matrix:
[[5077    2   43    4    6   26   12    3   63  324]
 [   0 5777  241   58   45   21    4  212   19  278]
 [  13   12 5628   20    4    3    8   89   11  100]
 [   3    4   47 5551    3   59    0   99   11   42]
 [   9    6   36    0 5144    1   54    8   14  450]
 [   8    9    3  147    5 5119   28    6   29  185]
 [  53   32   74    0   11  208 5025    0   72  383]
 [   0   41   99   69   57    3    0 5355   14  459]
 [  56   23   55   24  105   75   33   38 4800  486]
 [  20   16    7   87   80   11    2   70   86 5434]]
==================================================

Training with 2000 samples...Accuracy: 0.9265
Classification Report SVMParameters :
              precision    recall  f1-score   support

         0.0       0.97      0.95      0.96      5560
         1.0       0.83      0.94      0.88      6655
         2.0       0.93      0.96      0.94      5888
         3.0       0.94      0.96      0.95      5819
         4.0       0.94      0.93      0.94      5722
         5.0       0.97      0.91      0.94      5539
         6.0       0.98      0.89      0.93      5858
         7.0       0.93      0.92      0.93      6097
         8.0       0.91      0.90      0.90      5695
         9.0       0.90      0.91      0.91      5813

    accuracy                           0.93     58646
   macro avg       0.93      0.93      0.93     58646
weighted avg       0.93      0.93      0.93     58646

Confusion Matrix:
[[5277  185   28    5    9    4    9    4   39    0]
 [   0 6241  169   36   48    7    3   86    4   61]
 [  21  115 5637   23    2    0    7   69   13    1]
 [   6   28   31 5582    3   25    0  112   24    8]
 [  15   30   35    0 5343    0   52   12   14  221]
 [   8   76    2  171    6 5064   23   14   77   98]
 [  61  326   35    0   18   87 5197    1  133    0]
 [   0  253   82   37   62    0    0 5617   16   30]
 [  53  179   38   11   76   27   27   39 5103  142]
 [  23   65    9   88   87    1    2   69  193 5276]]
==================================================

Training with 3000 samples...Accuracy: 0.9392
Classification Report SVMParameters :
              precision    recall  f1-score   support

         0.0       0.88      0.98      0.93      5560
         1.0       0.97      0.93      0.95      6655
         2.0       0.94      0.96      0.95      5888
         3.0       0.95      0.96      0.95      5819
         4.0       0.95      0.94      0.94      5722
         5.0       0.98      0.93      0.96      5539
         6.0       0.97      0.94      0.95      5858
         7.0       0.94      0.92      0.93      6097
         8.0       0.93      0.90      0.91      5695
         9.0       0.91      0.93      0.92      5813

    accuracy                           0.94     58646
   macro avg       0.94      0.94      0.94     58646
weighted avg       0.94      0.94      0.94     58646

Confusion Matrix:
[[5466    3   21   13    5    4   13    1   33    1]
 [  11 6221  156   41   52    7    8   89   14   56]
 [  73   38 5635   26    5    0   13   77   20    1]
 [  23    5   35 5604    4   30    1   89   16   12]
 [  24   11   25    1 5360    0   83   10   27  181]
 [  46   13    3  110    5 5172   25   13   61   91]
 [ 149   23   26    0   11   50 5498    0   97    4]
 [ 225   44   81   42   70    2    1 5592   12   28]
 [ 136   28   33   16   82   22   27   32 5144  175]
 [  61    9   10   69   74    3    3   62  135 5387]]
==================================================

Training with 4000 samples...Accuracy: 0.9435
Classification Report SVMParameters :
              precision    recall  f1-score   support

         0.0       0.88      0.98      0.93      5560
         1.0       0.98      0.95      0.96      6655
         2.0       0.94      0.96      0.95      5888
         3.0       0.96      0.96      0.96      5819
         4.0       0.95      0.95      0.95      5722
         5.0       0.98      0.94      0.96      5539
         6.0       0.97      0.95      0.96      5858
         7.0       0.94      0.92      0.93      6097
         8.0       0.92      0.91      0.92      5695
         9.0       0.93      0.92      0.92      5813

    accuracy                           0.94     58646
   macro avg       0.94      0.94      0.94     58646
weighted avg       0.94      0.94      0.94     58646

Confusion Matrix:
[[5462    2   12   10    8    2   10    1   52    1]
 [  16 6301  136   32   59    8   13   61   12   17]
 [  77   29 5656   24    3    0   10   69   20    0]
 [  23    7   32 5592    3   30    1   96   24   11]
 [  13   12   18    0 5409    0   74   11   33  152]
 [  70    9    4   94    6 5184   33   10   57   72]
 [ 115   21   26    0   14   24 5566    0   87    5]
 [ 231   41   88   24   59    0    0 5621   10   23]
 [ 127   24   30   15   52   35   33   32 5200  147]
 [  65   15    9   63   98    3    4   66  151 5339]]
==================================================

Training with 5000 samples...Accuracy: 0.9441
Classification Report SVMParameters :
              precision    recall  f1-score   support

         0.0       0.87      0.99      0.93      5560
         1.0       0.98      0.95      0.96      6655
         2.0       0.94      0.96      0.95      5888
         3.0       0.95      0.97      0.96      5819
         4.0       0.95      0.95      0.95      5722
         5.0       0.98      0.94      0.96      5539
         6.0       0.97      0.95      0.96      5858
         7.0       0.95      0.92      0.93      6097
         8.0       0.93      0.91      0.92      5695
         9.0       0.94      0.92      0.93      5813

    accuracy                           0.94     58646
   macro avg       0.94      0.94      0.94     58646
weighted avg       0.95      0.94      0.94     58646

Confusion Matrix:
[[5493    2    7    9    4    2    9    1   32    1]
 [  21 6294  133   37   61    6   17   59   16   11]
 [  79   21 5664   31    1    0    9   59   24    0]
 [  23    5   32 5618    3   24    1   78   25   10]
 [  17    8   15    0 5415    0   85   11   38  133]
 [  78    8    1  120    6 5183   35    9   41   58]
 [ 127   22   25    0    6   33 5573    0   69    3]
 [ 237   42  109   31   55    0    0 5592   11   20]
 [ 144   23   28   21   53   45   31   26 5189  135]
 [  77   10    8   55  100    3    3   60  153 5344]]
==================================================

Training with 6000 samples...Accuracy: 0.9479
Classification Report SVMParameters :
              precision    recall  f1-score   support

         0.0       0.88      0.99      0.93      5560
         1.0       0.98      0.95      0.96      6655
         2.0       0.94      0.96      0.95      5888
         3.0       0.95      0.97      0.96      5819
         4.0       0.95      0.94      0.95      5722
         5.0       0.98      0.94      0.96      5539
         6.0       0.97      0.96      0.96      5858
         7.0       0.95      0.92      0.94      6097
         8.0       0.94      0.92      0.93      5695
         9.0       0.94      0.94      0.94      5813

    accuracy                           0.95     58646
   macro avg       0.95      0.95      0.95     58646
weighted avg       0.95      0.95      0.95     58646

Confusion Matrix:
[[5487    1    7    8    4    3    9    1   39    1]
 [  18 6308  131   31   56    6   19   57   17   12]
 [  76   24 5674   29    1    0    8   56   19    1]
 [  22    5   33 5629    3   27    1   67   20   12]
 [  16   10   15    0 5403    0   88   12   35  143]
 [  70    8    2  104    6 5208   33   10   44   54]
 [ 111   21   25    0    6   24 5604    0   66    1]
 [ 230   38  107   30   60    2    0 5605   11   14]
 [ 127   22   29   25   46   33   31   27 5228  127]
 [  58   11   13   48   73    7    4   57   99 5443]]
==================================================

Training with 7000 samples...Accuracy: 0.9489
Classification Report SVMParameters :
              precision    recall  f1-score   support

         0.0       0.89      0.99      0.94      5560
         1.0       0.98      0.95      0.96      6655
         2.0       0.94      0.96      0.95      5888
         3.0       0.96      0.97      0.96      5819
         4.0       0.95      0.95      0.95      5722
         5.0       0.97      0.95      0.96      5539
         6.0       0.97      0.95      0.96      5858
         7.0       0.95      0.92      0.94      6097
         8.0       0.95      0.91      0.93      5695
         9.0       0.94      0.93      0.94      5813

    accuracy                           0.95     58646
   macro avg       0.95      0.95      0.95     58646
weighted avg       0.95      0.95      0.95     58646

Confusion Matrix:
[[5493    1    7    8    5    4    9    1   30    2]
 [  17 6306  125   31   55    9   12   75   13   12]
 [  75   24 5668   31    1    0    9   63   16    1]
 [  23    4   33 5625    3   32    1   70   18   10]
 [  14    8   19    0 5451    0   78   11   24  117]
 [  48    8    1   89    5 5259   33    9   31   56]
 [ 111   20   25    0    8   40 5592    0   50   12]
 [ 204   34   98   28   63   10    0 5639    8   13]
 [ 120   20   28   28   46   60   30   28 5191  144]
 [  40   12   14   49  112   11    4   53   90 5428]]
==================================================

Training with 8000 samples...Accuracy: 0.9493
Classification Report SVMParameters :
              precision    recall  f1-score   support

         0.0       0.90      0.99      0.94      5560
         1.0       0.98      0.95      0.96      6655
         2.0       0.94      0.97      0.95      5888
         3.0       0.95      0.97      0.96      5819
         4.0       0.95      0.95      0.95      5722
         5.0       0.98      0.94      0.96      5539
         6.0       0.97      0.95      0.96      5858
         7.0       0.95      0.93      0.94      6097
         8.0       0.93      0.92      0.93      5695
         9.0       0.94      0.93      0.93      5813

    accuracy                           0.95     58646
   macro avg       0.95      0.95      0.95     58646
weighted avg       0.95      0.95      0.95     58646

Confusion Matrix:
[[5491    1    6    8    4    3    9    1   36    1]
 [  15 6303  129   31   51    9   13   81   13   10]
 [  67   17 5683   28    1    0    8   64   19    1]
 [  21    4   32 5625    2   33    1   73   18   10]
 [  19    8   16    0 5431    0   84   11   28  125]
 [  51    8    2   88    5 5228   28    9   54   66]
 [ 106   20   27    0    6   22 5586    0   81   10]
 [ 192   33   96   34   63    3    0 5648   11   17]
 [ 108   16   18   33   46   25   28   27 5265  129]
 [  36   15   17   55  103    4    4   51  114 5414]]
==================================================

Training with 9000 samples...Accuracy: 0.9513
Classification Report SVMParameters :
              precision    recall  f1-score   support

         0.0       0.91      0.99      0.95      5560
         1.0       0.98      0.95      0.96      6655
         2.0       0.94      0.97      0.95      5888
         3.0       0.95      0.97      0.96      5819
         4.0       0.95      0.95      0.95      5722
         5.0       0.98      0.95      0.96      5539
         6.0       0.97      0.96      0.96      5858
         7.0       0.95      0.93      0.94      6097
         8.0       0.94      0.92      0.93      5695
         9.0       0.94      0.94      0.94      5813

    accuracy                           0.95     58646
   macro avg       0.95      0.95      0.95     58646
weighted avg       0.95      0.95      0.95     58646

Confusion Matrix:
[[5501    1    7    8    2    1   11    1   26    2]
 [  15 6308  124   28   54    9   13   85   11    8]
 [  61   17 5691   33    1    0    9   58   17    1]
 [  21    4   32 5628    2   36    0   71   14   11]
 [  18    8   13    0 5441    0   87   10   24  121]
 [  43    8    2   78    5 5263   29    9   48   54]
 [  93   20   25    0    6   28 5599    0   77   10]
 [ 171   32  107   32   63    5    0 5666    9   12]
 [ 115   19   20   36   45   27   29   26 5254  124]
 [  40   15   14   55  101    5    4   51   88 5440]]
==================================================

Training with 10000 samples...Accuracy: 0.9525
Classification Report SVMParameters :
              precision    recall  f1-score   support

         0.0       0.91      0.99      0.95      5560
         1.0       0.98      0.95      0.97      6655
         2.0       0.94      0.97      0.96      5888
         3.0       0.96      0.97      0.96      5819
         4.0       0.96      0.95      0.95      5722
         5.0       0.97      0.95      0.96      5539
         6.0       0.97      0.96      0.96      5858
         7.0       0.95      0.93      0.94      6097
         8.0       0.95      0.92      0.93      5695
         9.0       0.94      0.94      0.94      5813

    accuracy                           0.95     58646
   macro avg       0.95      0.95      0.95     58646
weighted avg       0.95      0.95      0.95     58646

Confusion Matrix:
[[5489    1    9    5    2    1   12    1   38    2]
 [  15 6343   97   28   49    9   13   81   10   10]
 [  60   16 5697   30    2    0    9   58   15    1]
 [  21    4   36 5624    2   37    0   69   16   10]
 [  14    9   19    0 5429    0   86   12   24  129]
 [  45    8    2   75    4 5285   26   12   34   48]
 [  74   20   28    0    6   25 5615    0   81    9]
 [ 176   31  113   30   62    6    0 5660    8   11]
 [ 105   20   20   30   37   41   34   24 5258  126]
 [  37   16   15   56   80   18    4   51   75 5461]]
==================================================

Training with 11000 samples...Accuracy: 0.9533
Classification Report SVMParameters :
              precision    recall  f1-score   support

         0.0       0.91      0.99      0.95      5560
         1.0       0.98      0.96      0.97      6655
         2.0       0.95      0.97      0.96      5888
         3.0       0.96      0.97      0.96      5819
         4.0       0.96      0.95      0.95      5722
         5.0       0.98      0.95      0.96      5539
         6.0       0.97      0.96      0.96      5858
         7.0       0.95      0.93      0.94      6097
         8.0       0.94      0.92      0.93      5695
         9.0       0.94      0.94      0.94      5813

    accuracy                           0.95     58646
   macro avg       0.95      0.95      0.95     58646
weighted avg       0.95      0.95      0.95     58646

Confusion Matrix:
[[5495    1    8    5    3    1   10    1   34    2]
 [  15 6356   84   27   48    9   14   80   11   11]
 [  60   15 5697   28    1    0    9   61   16    1]
 [  20    5   34 5625    2   38    0   69   16   10]
 [  15   10   16    0 5424    0   87   12   28  130]
 [  43    8    3   72    4 5280   27   12   38   52]
 [  63   20   24    0    5   26 5634    0   77    9]
 [ 157   31  108   28   63    6    0 5682   11   11]
 [ 104   18   23   31   35   37   34   24 5260  129]
 [  35   17   14   56   78   17    4   52   88 5452]]
==================================================

Training with 12000 samples...Accuracy: 0.9542
Classification Report SVMParameters :
              precision    recall  f1-score   support

         0.0       0.91      0.99      0.95      5560
         1.0       0.98      0.96      0.97      6655
         2.0       0.95      0.97      0.96      5888
         3.0       0.96      0.97      0.96      5819
         4.0       0.96      0.95      0.95      5722
         5.0       0.98      0.95      0.97      5539
         6.0       0.97      0.96      0.97      5858
         7.0       0.95      0.93      0.94      6097
         8.0       0.95      0.92      0.94      5695
         9.0       0.94      0.94      0.94      5813

    accuracy                           0.95     58646
   macro avg       0.95      0.95      0.95     58646
weighted avg       0.95      0.95      0.95     58646

Confusion Matrix:
[[5499    1    8    5    4    2   10    1   28    2]
 [  13 6364   87   27   49    7   14   74   11    9]
 [  61   18 5696   27    1    0    8   62   14    1]
 [  21    4   35 5634    2   33    0   64   14   12]
 [  15   10   17    0 5435    0   83   12   27  123]
 [  43    8    2   74    4 5281   27   12   35   53]
 [  69   21   24    0    5   23 5628    0   73   15]
 [ 156   31  106   28   63    4    0 5688    8   13]
 [ 113   15   24   34   36   40   31   22 5252  128]
 [  34   18   11   50   80    8    3   54   73 5482]]
==================================================

Training with 13000 samples...Accuracy: 0.9545
Classification Report SVMParameters :
              precision    recall  f1-score   support

         0.0       0.91      0.99      0.95      5560
         1.0       0.98      0.96      0.97      6655
         2.0       0.95      0.97      0.96      5888
         3.0       0.96      0.97      0.96      5819
         4.0       0.96      0.95      0.95      5722
         5.0       0.98      0.95      0.97      5539
         6.0       0.97      0.96      0.96      5858
         7.0       0.95      0.93      0.94      6097
         8.0       0.95      0.93      0.94      5695
         9.0       0.94      0.94      0.94      5813

    accuracy                           0.95     58646
   macro avg       0.95      0.95      0.95     58646
weighted avg       0.95      0.95      0.95     58646

Confusion Matrix:
[[5497    1    8    5    4    2   12    1   28    2]
 [  12 6373   85   28   48    6   14   65   10   14]
 [  56   17 5693   31    1    0   10   61   18    1]
 [  20    4   33 5639    2   34    0   60   15   12]
 [  16    9   18    0 5434    0   84   13   22  126]
 [  41    8    3   70    4 5282   27   12   41   51]
 [  68   21   23    0    5   22 5629    0   75   15]
 [ 154   30  108   28   66    0    0 5689    9   13]
 [ 113   16   20   33   35   29   34   20 5269  126]
 [  32   19    8   54   81    8    4   54   78 5475]]
==================================================

Training with 14000 samples...Accuracy: 0.9548
Classification Report SVMParameters :
              precision    recall  f1-score   support

         0.0       0.91      0.99      0.95      5560
         1.0       0.98      0.96      0.97      6655
         2.0       0.95      0.97      0.96      5888
         3.0       0.96      0.97      0.96      5819
         4.0       0.96      0.95      0.95      5722
         5.0       0.98      0.95      0.97      5539
         6.0       0.97      0.96      0.96      5858
         7.0       0.95      0.93      0.94      6097
         8.0       0.95      0.93      0.94      5695
         9.0       0.94      0.94      0.94      5813

    accuracy                           0.95     58646
   macro avg       0.95      0.95      0.95     58646
weighted avg       0.96      0.95      0.95     58646

Confusion Matrix:
[[5499    1    7    6    4    1   11    1   28    2]
 [  13 6379   79   25   46    7   15   66   13   12]
 [  62   17 5696   26    1    0   10   58   17    1]
 [  22    3   31 5645    2   32    0   57   14   13]
 [  17   10   17    0 5431    0   83   13   24  127]
 [  45    7    2   70    4 5276   29   11   44   51]
 [  79   22   22    0    5   21 5618    0   76   15]
 [ 148   28  107   32   62    0    0 5696    9   15]
 [ 115   15   19   35   35   26   31   17 5274  128]
 [  33   18    7   52   86    7    4   54   71 5481]]
==================================================

Training with 15000 samples...Accuracy: 0.9545
Classification Report SVMParameters :
              precision    recall  f1-score   support

         0.0       0.91      0.99      0.95      5560
         1.0       0.98      0.96      0.97      6655
         2.0       0.95      0.97      0.96      5888
         3.0       0.96      0.97      0.96      5819
         4.0       0.96      0.95      0.95      5722
         5.0       0.98      0.95      0.97      5539
         6.0       0.97      0.96      0.96      5858
         7.0       0.95      0.93      0.94      6097
         8.0       0.95      0.92      0.93      5695
         9.0       0.94      0.94      0.94      5813

    accuracy                           0.95     58646
   macro avg       0.95      0.95      0.95     58646
weighted avg       0.95      0.95      0.95     58646

Confusion Matrix:
[[5498    1    7    6    4    1   11    1   30    1]
 [  15 6382   72   25   47    8   16   66   12   12]
 [  64   17 5696   25    1    0    9   59   16    1]
 [  22    4   27 5657    2   29    0   51   14   13]
 [  15   10   22    0 5420    0   86   13   26  130]
 [  49    6    2   75    4 5267   28   11   45   52]
 [  75   22   20    0    5   17 5623    0   82   14]
 [ 155   26  101   34   64    0    0 5693    9   15]
 [ 123   18   19   35   37   28   32   18 5264  121]
 [  34   20    7   55   86    7    4   53   72 5475]]
==================================================

Training with 16000 samples...Accuracy: 0.9546
Classification Report SVMParameters :
              precision    recall  f1-score   support

         0.0       0.91      0.99      0.95      5560
         1.0       0.98      0.96      0.97      6655
         2.0       0.95      0.97      0.96      5888
         3.0       0.96      0.97      0.97      5819
         4.0       0.96      0.95      0.95      5722
         5.0       0.98      0.95      0.97      5539
         6.0       0.97      0.96      0.96      5858
         7.0       0.96      0.93      0.94      6097
         8.0       0.95      0.92      0.94      5695
         9.0       0.94      0.94      0.94      5813

    accuracy                           0.95     58646
   macro avg       0.95      0.95      0.95     58646
weighted avg       0.96      0.95      0.95     58646

Confusion Matrix:
[[5507    1    5    5    2    1   11    2   25    1]
 [  15 6381   74   27   45    8   15   66   11   13]
 [  63   17 5696   25    0    0    9   57   19    2]
 [  22    3   26 5662    2   31    0   50   11   12]
 [  17    9   19    0 5422    0   86   12   24  133]
 [  48    7    1   73    4 5274   28    9   45   50]
 [  79   23   21    0    5   19 5613    0   83   15]
 [ 157   27  102   32   63    0    0 5691    9   16]
 [ 123   18   18   38   38   29   28   16 5260  127]
 [  36   20    7   53   86    7    4   52   69 5479]]
==================================================

Training with 17000 samples...Accuracy: 0.9548
Classification Report SVMParameters :
              precision    recall  f1-score   support

         0.0       0.91      0.99      0.95      5560
         1.0       0.98      0.96      0.97      6655
         2.0       0.95      0.97      0.96      5888
         3.0       0.96      0.97      0.97      5819
         4.0       0.96      0.95      0.95      5722
         5.0       0.98      0.95      0.97      5539
         6.0       0.97      0.96      0.96      5858
         7.0       0.95      0.93      0.94      6097
         8.0       0.95      0.93      0.94      5695
         9.0       0.94      0.94      0.94      5813

    accuracy                           0.95     58646
   macro avg       0.95      0.95      0.95     58646
weighted avg       0.96      0.95      0.95     58646

Confusion Matrix:
[[5504    1    5    5    2    1   11    2   28    1]
 [  16 6377   75   28   45    8   15   68   11   12]
 [  60   17 5692   26    0    0    9   61   21    2]
 [  22    3   26 5666    2   31    0   46   12   11]
 [  16    9   20    0 5427    0   85   12   26  127]
 [  48    6    1   72    4 5277   29   10   46   46]
 [  81   22   22    0    5   21 5612    0   81   14]
 [ 155   25   99   36   64    0    0 5694   10   14]
 [ 118   17   17   32   38   28   27   17 5277  124]
 [  36   17    7   56   91    7    4   55   69 5471]]
==================================================

Training with 18000 samples...Accuracy: 0.9549
Classification Report SVMParameters :
              precision    recall  f1-score   support

         0.0       0.91      0.99      0.95      5560
         1.0       0.98      0.96      0.97      6655
         2.0       0.96      0.97      0.96      5888
         3.0       0.96      0.97      0.96      5819
         4.0       0.96      0.95      0.95      5722
         5.0       0.98      0.95      0.97      5539
         6.0       0.97      0.96      0.96      5858
         7.0       0.95      0.93      0.94      6097
         8.0       0.95      0.93      0.94      5695
         9.0       0.94      0.94      0.94      5813

    accuracy                           0.95     58646
   macro avg       0.95      0.95      0.95     58646
weighted avg       0.96      0.95      0.95     58646

Confusion Matrix:
[[5501    1    3    7    3    1   11    3   29    1]
 [  19 6377   70   29   45    8   15   68   13   11]
 [  62   17 5689   27    0    0    9   62   21    1]
 [  22    3   27 5668    2   27    0   49   11   10]
 [  16    9   19    0 5433    0   87   13   26  119]
 [  47    6    1   79    4 5268   30   10   47   47]
 [  76   23   21    0    5   21 5619    0   80   13]
 [ 155   21  100   35   65    0    0 5697   10   14]
 [ 115   17   16   36   34   26   28   17 5282  124]
 [  36   16    9   54   97    7    4   55   69 5466]]
==================================================

Training with 19000 samples...Accuracy: 0.9553
Classification Report SVMParameters :
              precision    recall  f1-score   support

         0.0       0.91      0.99      0.95      5560
         1.0       0.98      0.96      0.97      6655
         2.0       0.96      0.97      0.96      5888
         3.0       0.95      0.97      0.96      5819
         4.0       0.96      0.95      0.95      5722
         5.0       0.98      0.95      0.97      5539
         6.0       0.97      0.96      0.96      5858
         7.0       0.96      0.93      0.95      6097
         8.0       0.95      0.93      0.94      5695
         9.0       0.94      0.94      0.94      5813

    accuracy                           0.96     58646
   macro avg       0.96      0.96      0.96     58646
weighted avg       0.96      0.96      0.96     58646

Confusion Matrix:
[[5504    1    3    8    2    1   12    2   26    1]
 [  18 6382   71   29   46    8   17   61   12   11]
 [  61   17 5691   29    1    0    9   56   23    1]
 [  22    3   27 5672    2   27    0   45   11   10]
 [  15    8   19    0 5437    0   84   12   27  120]
 [  47    7    1   78    4 5264   29   10   53   46]
 [  77   24   18    0    5   20 5624    0   77   13]
 [ 155   23   95   37   66    0    0 5696    9   16]
 [ 115   16   16   41   32   26   31   17 5276  125]
 [  32   16    8   55   94    6    3   53   68 5478]]
==================================================

Training with 20000 samples...Accuracy: 0.9558
Classification Report SVMParameters :
              precision    recall  f1-score   support

         0.0       0.91      0.99      0.95      5560
         1.0       0.98      0.96      0.97      6655
         2.0       0.96      0.97      0.96      5888
         3.0       0.95      0.98      0.96      5819
         4.0       0.95      0.95      0.95      5722
         5.0       0.98      0.95      0.97      5539
         6.0       0.97      0.96      0.96      5858
         7.0       0.96      0.94      0.95      6097
         8.0       0.95      0.93      0.94      5695
         9.0       0.94      0.94      0.94      5813

    accuracy                           0.96     58646
   macro avg       0.96      0.96      0.96     58646
weighted avg       0.96      0.96      0.96     58646

Confusion Matrix:
[[5503    1    3    7    3    1   12    2   27    1]
 [  18 6389   62   30   46    7   17   62   13   11]
 [  61   17 5691   32    1    0    9   53   22    2]
 [  22    3   26 5675    2   26    0   44   11   10]
 [  16    6   18    0 5446    0   83   12   25  116]
 [  47    7    1   76    4 5269   29   10   50   46]
 [  77   23   18    0    5   20 5624    0   78   13]
 [ 154   23   88   36   66    0    0 5705    9   16]
 [ 113   16   16   40   32   24   32   17 5281  124]
 [  34   17    7   55   99    6    3   51   72 5469]]
==================================================
Training time: 414.5840 seconds 
Média training time: 20.7292 seconds